0.9880786240100861
0.8701321654797021
0.6501099020242691
0.40567956528966387
0.8252418783740101
0.6658035430170242
0.6811489880084992
0.8106737792491913
0.6358850963859477
0.4760571277969548
0.6858063245576526
0.6981743664732054
0.7222342995187593
0.4830526805113232
0.6363470545836858
0.6807377404636807
0.7117862590548223
0.682873707200274
0.7560095340368294
0.9207248131434123
0.677191481478194
0.7088352126261543
0.6549324271487029
0.8584929070538945
0.5595295752916071
0.8765093127886454
0.7380647057625982
0.9182117293278376
0.6977523499868854
0.9465739304820697
0.7036768073836963
0.7010379657149315
0.5693501418828965
0.6262660846114159
0.6219929357200793
0.6319250629180008
0.7343849705325233
0.7682736440113298
0.710457511858692
0.6828273798422839
0.6138679536998781
0.7170602746531236
0.8113036669514797
0.8265083437716519
0.7238772892289691
0.6220005965895123
0.7017751754749388
0.882954677497899
0.9112678319215775
0.7782963478730784
0.9519629299640655
0.8689789360872021
0.5564893931150436
0.7028801497485903
0.7211808238452647
0.6714142638224142
0.6776035554558464
0.6339530863222622
0.7146170961636085
0.9391823510328929
0.7296532657411363
0.6581790397722254
0.7541355962699158
0.5630145214143254
0.7128801378465834
0.7571164910913145
0.7727919310331345
0.6663127094807453
0.648452139352785
0.8392821388940016
0.7053159893189789
0.6627571574962539
0.7429565637608091
0.7254073632614952
0.7027198065670184
0.7276029391421213
0.7214016184946637
0.6461636126041412
0.6672970091855084
0.7900063569347064
0.7053030901230298
0.6215222701367475
0.8128646882564302
0.7584245585259937
0.7124622036712338
0.6611045426792569
0.740281085173289
0.8853139241536458
0.7599510845762711
0.6559173895253075
0.8324487457672756
0.7132486113243632
0.7590853698342419
0.6514517561429076
0.6937626351912816
0.820366374651591
0.45781203680568267
0.5976820013073824
0.7917158636781905
0.4843756652216963
0.7606473045216666
0.590192248556349
0.7407474016800286
0.870209813117981
0.8026999334494274
0.7555525662407043
0.5745860084339425
0.78129337247875
0.6222564484675726
0.8144591609636943
0.6660498078695681
0.9066307957967124
0.7492168999125814
0.6941221240493987
0.8569457593891356
0.7143699961995321
0.7732936491568883
0.7515175283428224
0.5024076519922895
0.5167755782604218
0.8050105967489591
0.5452418864819042
0.6919712934229109
0.7688155131089309
0.6908275073482877
0.5296837541792128
0.5735987804869496
0.8205343021286857
0.6030851304208894
0.8676840560604828
0.6933400297547301
0.7496403513683214
0.8015352775285274
0.5512551434639548
0.5141620421409607
0.5869420509384633
0.8415765239059998
0.46051545772287583
0.6695955720212725
0.9431674069828457
0.5473005227626316
0.47299508626262343
0.6656332356589181
0.889265838265419
0.6951539923274328
0.8953554576666898
0.7849119272496965
0.6324994286066956
0.7265764329405058
0.6499693917158322
0.7896292207654192
0.8199578702449799
0.6449513328335588
0.5260830234156715
0.7365890421249248
0.7132105503345709
0.5961960969549236
0.8554291467423791
0.6778633697363261
0.7923461397488912
0.6587745199600856
0.6762214054663976
0.8044745959932842
0.8177747738858064
0.7176808815626871
0.5953773309787114
0.760073805020915
0.8888104011869837
0.7391579767068227
0.5274049443595203
0.6717795167808179
0.45619836232233874
0.648710310198958
0.8135116140047709
0.7018785492338316
0.8281414028671052
0.7889666199684143
0.7634937026434474
