0.9709487706422806
0.8710644343700358
0.7066212269994947
0.4390951916575432
0.8361805735575167
0.6422617507703376
0.6800577165903869
0.7335493989479847
0.6490579926305347
0.37359787511738224
0.6970501137770414
0.8668072879535179
0.788451645014778
0.4254560657837161
0.6372334268909914
0.6807377934455872
0.6638390032450358
0.7242496493789885
0.6186248643806687
0.9481097092231114
0.5878675074854192
0.721966535799087
0.6761864273120528
0.8827011088530223
0.7495787377158801
0.5975654181979951
0.7270788114931848
0.8873100390036901
0.6126553226433753
0.8349840621153514
0.7044850894146495
0.6305392036835353
0.29235805405510795
0.6702779481808344
0.5997000448405743
0.803269000338693
0.7552792479594548
0.8511570044926235
0.7226411520758994
0.6486761894964037
0.43417969809638135
0.6955184616739787
0.6942575890630011
0.7054217490884993
0.7731866210699081
0.46222612460454304
0.7994273576589803
0.8712588954854894
0.9532705893119175
0.8032467791098366
0.9519629180431366
0.8514562439587381
0.41985957158936393
0.7606264534923766
0.727259822970345
0.6904677814907498
0.7520802390796166
0.658646582670155
0.722884816814352
0.8123246490955353
0.7385089910391605
0.653980539858225
0.7766163232350589
0.4470255124072234
0.6451161377723255
0.7270565450688202
0.8497124347421858
0.6865123073746955
0.6828619416743991
0.8309028440465529
0.5302784594278487
0.6306831030021036
0.7435947435774973
0.7275099006065435
0.6602121895898587
0.7974976774719027
0.6938611971007453
0.48251487811406457
0.6390292906399929
0.7697933970226183
0.7664546020604945
0.7728689471354981
0.8180470202334974
0.7462248004145092
0.7070038628483576
0.6205732069318257
0.7351527180936601
0.7400052410364151
0.7655791386961937
0.6612140385457026
0.7120771341853671
0.7588503359828466
0.6952994430348987
0.5967613064580493
0.6488114254342184
0.8685342214173741
0.5429510869085789
0.8863629846176864
0.6763123849199877
0.6023007946219844
0.5991373740964465
0.5381867557764053
0.8002607274728267
0.8931765539778602
0.6071126808722814
0.797277027534114
0.535356863339742
0.6912293830233762
0.6955673537840918
0.7556711482441323
0.7917582772175471
0.917134913802147
0.8052758938736386
0.7175791212805995
0.6865952918926874
0.6908860192412422
0.918527114391327
0.7684125611611776
0.7390559500704209
0.6002614779604806
0.639142207611882
0.5854543232570881
0.6753267008246797
0.7705899731566508
0.6905615438544561
0.5149669998221926
0.5735987655857884
0.8253224723868899
0.5918902261542194
0.904775133949739
0.7143420484120673
0.7204265506179245
0.8364152709643047
0.5008132066229454
0.4782901606421708
0.6157418490800644
0.8277795017948226
0.46051545441150665
0.6928937964969211
0.9011232968360658
0.7107125539350021
0.581293765514616
0.6254308423241314
0.8609917844786787
0.6993662804838211
0.9507847428321837
0.5958074763266727
0.6578387834181889
0.787094762755765
0.7356165041999212
0.7080084085646421
0.8259632229489624
0.5232349984542606
0.5307718041747687
0.7299638026290469
0.6949728309295504
0.6010930401583513
0.8101661651143952
0.6565606741914674
0.8122513227992587
0.7206876419293575
0.6517843455076218
0.7534845111270745
0.85088911652565
0.7272541774441055
0.4736525350146823
0.7725801409946547
0.8535192350546519
0.8384263448417186
0.5434444517725044
0.6638139242690706
0.49423638279690885
0.5846681906506906
0.8013445942490189
0.7391550024764406
0.8085872245331606
0.8133194309378426
0.655666270189815
