0.9709487656752268
0.8710644467876703
0.7106930592375943
0.43484155739110614
0.8361805768688859
0.6458426915635966
0.6800577066562794
0.8283300616802314
0.651640898651547
0.31770828224363784
0.7111810133072767
0.8552761072913806
0.6908498895546747
0.474377450583473
0.647101532989814
0.6807377735773722
0.6231555165418612
0.7949420065791518
0.6186248665882481
0.948109715183576
0.46401583402034896
0.7219665380066664
0.6505463138066077
0.9026024010446336
0.7495787302652995
0.5975653919435683
0.7478631615638733
0.8873662481705348
0.4562634783131736
0.7271869882941246
0.7044850861032803
0.6445642040362434
0.2923581004142761
0.6702779481808344
0.5997000473241012
0.8257836004098257
0.7552792479594548
0.7336025585730871
0.7164373698966955
0.6614400236064164
0.43417969809638135
0.6955184616739787
0.6756963467487582
0.7054217490884993
0.7624164140886731
0.4259369751763722
0.7994273514501631
0.8712588915118464
0.9442973063775786
0
0.9519629190365473
0.8514562398195267
0.41985957158936393
0.7606264534923766
0.7152709934446546
0.6904677814907498
0.7921798349057556
0.7086572596832874
0.7228848148275304
0.6686490207910538
0.7464134187409373
0.6633787101497588
0.7497057517607867
0.40873929645333973
0.6451161377723255
0.7402735416241215
0.8497124347421858
0.670031062172018
0.682861948060611
0.8630903014073186
0.5259760316469773
0.7041181502518831
0.750308493355743
0.7275099147981257
0.6183824085053944
0.7974976799554294
0.7250933287872209
0.4825148648685879
0.6536930360345758
0.7697933829492993
0.7889391506021773
0.7867836022187793
0.8180470202334974
0.7462248165574339
0.7335244826596192
0.6192827219527866
0.7351526998811297
0.7400052430232367
0.7767059241731962
0.6598760367911538
0.7122122777832879
0.7795217889878484
0.6952994430348987
0.662674372470138
0.650534184442626
0.8381857156244099
0.5779647382321182
0.8960742413814534
0.676552562870913
0.6093487369180216
0.5991373740964465
0.5381867557764053
0.7784980983488143
0.8858368313974804
0.6071126808722814
0.8333258052666982
0.535356863339742
0.6912293830233762
0.6584088079796897
0.7556711520649428
0.8793460569999836
0.9171349104907778
0.8116332505726152
0.6813467426432505
0.6760480437013838
0.6908860149837674
0.918527114391327
0.7684125611611776
0.7422583730684387
0.6002614779604806
0.6490959072631006
0.5374043775929345
0.7369277022842667
0.7529658287325326
0.6905615438544561
0.5149669998221926
0.5735987655857884
0.8034009403652614
0.5816797755856051
0.8461887278617957
0.6839341616733765
0.7032546412061762
0.8479926771587796
0.48058137727845485
0.5680646259105686
0.6157418501257599
0.7972369754180855
0.4540217141310374
0.7024443651002551
0.9011233062971207
0.7107125539350021
0.7244557672076755
0.6205209136343136
0.8609917871879809
0.7573618571909647
0.9427103745164693
0.5996313340685986
0.6662366294435093
0.778032448142767
0.7443985825493222
0.6740904028216999
0.8259632257872789
0.511506731572904
0.39118861966153495
0.7299638125631543
0.6949728160283892
0.6160322328408558
0.8364641938358545
0.632225415701904
0.8122513227992587
0.7232376313398755
0.6517843306064606
0.7534845086435477
0.85088911652565
0.754092725334254
0.44296669496430296
0.7664852134055561
0.8535192290941873
0.8384263418614865
0.5349810420702665
0.671513106378298
0.371909618022896
0.5684162615463625
0.8298486872754915
0.7391550055808491
0.679090506500668
0.8133194385066864
0.5953097426229053
