0.9402625064055126
0.8477506361868403
0.6658025842810434
0.3648729821598088
0.8187430564664367
0.6462984042508262
0.5432971336775356
0.8190935614484327
0.6342002823312058
0.40237282018542564
0.6774938541235942
0.768781521262
0.7667000206087919
0.48269146026298937
0.6024452750644986
0.6807377735773723
0.592609934861619
0.7254935618903902
0.71093394149627
0.9504562795162201
0.7130781656272407
0.7144872615863751
0.6562691369245923
0.8805077360736
0.7743523263742054
0.8765093127886454
0.6856018781661987
0.9180167853832244
0.6736357836217997
0.9168541643906523
0.7036768086254597
0.6262937049325714
0.4573024251158275
0.6262660970290502
0.6410079304542806
0.8428967784510719
0.6893529654652983
0.7731599711157657
0.6823272831793186
0.6623284972901906
0.5189497243135404
0.7170602724455442
0.7813307638153617
0.7982510791208739
0.813316287620673
0.6646790587239796
0.7994273489666364
0.8723197333238744
0.954509705029152
0.5521542505182401
0.9519629299640655
0.8569796466165118
0.5556280149353875
0.9072313225931591
0.7398440480705293
0.6711369234102743
0.683381496063788
0.7016362370587187
0.7349197450611327
0.9391823535164198
0.7095182990192106
0.6513245888803372
0.8125845284058304
0.39199133167664213
0.7174734744760725
0.7446523651572656
0.7478755116462708
0.6606013857906494
0.6178748574521806
0.7935847500684085
0.70963248247106
0.6363237524316424
0.7137215716498239
0.718246637965426
0.7157805039558881
0.7831066134903166
0.6984500842697827
0.6461635960472955
0.6658642358250089
0.8827488436963823
0.7228684494892756
0.5707441267550938
0.8091123195867689
0.758424565148732
0.7046459670420047
0.5738601196143363
0.740281085173289
0.8860904248224364
0.7381232981880506
0.6336085512682244
0.83244874742296
0.6753599404815644
0.5329549479244502
0.6161666174729665
0.6935679399304919
0.8070230789557852
0.5297968958240518
0.6706129308100099
0.5519197025360205
0.5116978707954865
0.6143093599213494
0.5903941990269554
0.7892291947962746
0.8631650027301576
0.6071126858393351
0.7555525714442843
0.600243675566855
0.8058091897839381
0.549142733761388
0.7897110226062628
0.7304813519777233
0.9066307918230693
0.786432832861558
0.7289875785509745
0.8532391925652822
0.6064648970409676
0.9452694127957026
0.7888686029762818
0.7490569651126862
0.49465142488479613
0.8061797220092318
0.5020812272657582
0.6897401629222764
0.7690921737442887
0.673479328552882
0.5296837601396772
0.6728529787725872
0.8131803220344913
0.5982696557106202
0.8942232086702631
0.7228979896852579
0.7496403521961637
0.8435739880258386
0.5404071205793197
0.5071385126093249
0.5630584590859724
0.8191871641883774
0.5621516830391353
0.6583030806647407
0.921446453673499
0.6832247630580441
0.5884408586555058
0.6851049135917078
0.8726913998524348
0.6951540292255463
0.9001859937001158
0.7849119615223673
0.770023475918505
0.7534707600871722
0.5754950061822549
0.7648705409632789
0.8147770017385483
0.6080271283083807
0.5354229998020898
0.7365890388135556
0.8192916826003366
0.5220248247637893
0.8155442971472788
0.6604287133791076
0.7801910390456517
0.678536127484034
0.6785008559624354
0.8038697133934687
0.7727357418632801
0.6826502436620218
0.6434249734437023
0.9627048662967153
0.8728457951786542
0.7417464961608251
0.529764367695208
0.6762631462490748
0.40250565817737893
0.6695730623735685
0.7755535996622509
0.6437077991288117
0.8355488479137421
0.6827815217631203
0.7699644388187499
