0.883362276852131
0.8477506326207505
0.69411721640163
0.38876013777085716
0.8501902607516345
0.5346909852728011
0.7804334561030071
0.8633520011548643
0.7316354851401041
0.42209449819010547
0.6507047748281842
0.782174238529076
0.7405258026947019
0.35271135779915663
0.6170155783257787
0.6807377934455872
0.7018604191443907
0.7093864265415404
0.677930977353544
0.9481097052494685
0.49809554978653237
0.615173468987147
0.3956610367943843
0.9044855319791371
0.7904643707253315
0.6648066037467548
0.7980764542096928
0.9182117352883021
0.6624029222678728
0.9174318691646611
0.7036768061419327
0.5791756106552736
0.4994227179774532
0.6262660746773084
0.599581324805816
0.8453067245748308
0.7665163704642542
0.8634693191201405
0.6686952000690831
0.6561843950298296
0.5314576447483093
0.7217544099247014
0.7258081572806394
0.7272432998374656
0.6254831817415025
0.6684492213858498
0.7017751705078852
0.8621457311106318
0.9545097174467863
0.788516295567537
0.9519629299640655
0.8622405236517942
0.6294457937280338
0.9072313225931591
0.7047884568699404
0.6074477273320394
0.5827676359150145
0.6674623646992452
0.7089169770479202
0.9291193162401516
0.7512126119218321
0.6062277895984827
0.779910332195763
0.3778043734530608
0.6062263062927458
0.7871822567574163
0.6639670010407765
0.6634342361472307
0.7113300762479267
0.8404807904974008
0.7055592419738206
0.6460815031850149
0.7313494838419414
0.7057413009424058
0.6947657110882395
0.7284747589202154
0.712195257069888
0.5102904786666234
0.6682008812824884
0.7799358787360015
0.755363246524539
0.6647232877951599
0.823286531763102
0.7083061856252175
0.7146232958350862
0.660624182500221
0.7415250572893355
0.8642623578508695
0.7183317703505356
0.616058239966263
0.8279766175482008
0.7843592243771704
0.7795059909529326
0.6154896115263303
0.6438662946224212
0.6577439179850949
0.4817851896379508
0.7156041794794576
0.8089300201744096
0.5327089042772376
0.6222349537743462
0.5306729546851582
0.7728947564249947
0.8631649994187884
0.6071126858393351
0.8080389762681628
0.6608400446397287
0.8058091986142559
0.6020383322570059
0.824862446146782
0.7537522842185667
0.9066307918230693
0.788869806461864
0.7200217189060316
0.8532391826311747
0.6064649036637059
0.9452694127957026
0.7400868105155135
0.5775558049480121
0.49465141826205783
0.8461701329150643
0.5860988910150047
0.6898952918288148
0.8213017753729916
0.6734793313911984
0.5296837541792128
0.5735987804869496
0.8205343021286857
0.586389793859087
0.9165197318626775
0.7372142436643125
0.7496403389506869
0.8015353132913142
0.59617202572346
0.5251808900526144
0.5719043053457976
0.8290647608033161
0.46051545441150665
0.676013775004281
0.5915553047425217
0.6667497601046231
0.49289092090394765
0.6898865648783494
0.888638856758674
0.6951540093573313
0.954484417758606
0.797253848593912
0.7387550878382865
0.7930616391477762
0.6363601611247138
0.7024078736401568
0.8147770017385483
0.604236044298832
0.5045109788751043
0.7365890421249248
0.8584417375361817
0.4931002606948217
0.8127733002407382
0.6609291153121881
0.9095068822304408
0.5931168151674446
0.6785008500019709
0.7776109576225281
0.8116390990714232
0.6878967336609831
0.48198047031958896
0.9689591990576849
0.87284578939881
0.7864934136470159
0.5572417766030071
0.6748261256791926
0.4611359735329946
0.693209424863259
0.8450196912259231
0.6377153648270502
0.8281414144568973
0.7748849161245205
0.7986225637572784
