0.9814761628707249
0.7574765654322477
0.621388570798768
0.46966146618600874
0.865305209898541
0.5989414876972149
0.6926063564088609
0.8262121478716533
0.727757775010886
0.537565320793283
0.6211581078786699
0.7305349402011387
0.7518226326372028
0.4374457551688744
0.6474806566726523
0.6807377735773723
0.5767328926022091
0.6803318315909967
0.7014702044045313
0.9481097052494685
0.46946934291294645
0.6593094436579912
0.6703731863470803
0.7860933792834379
0.6717292709956093
0.5439643410841624
0.7447333640522427
0.8736145016219881
0.6456986545044698
0.9410408685604732
0.7363596236895001
0.6492275228103002
0.5155254558722178
0.6650731464227041
0.619945021257514
0.7717511602337399
0.5720374672501175
0.7324845839369136
0.6558291246079737
0.6244393179246358
0.4826451639618193
0.7303125670268422
0.7801117160017528
0.7490338914924197
0.6254831894680306
0.6513536049260034
0.799427362626034
0.7156381865657826
0.9454384966502114
0.7574552450908555
0.9519629299640655
0.8668796969232735
0.6096044539743
0.8742983412963372
0.7060316709371713
0.695714368496412
0.6193831775475431
0.6857050932694153
0.73479952149921
0.9163372202052011
0.681822463605139
0.6626056465285796
0.744623080035022
0.5754037794612703
0.7385808902009138
0.7195783233477009
0.8178889543764176
0.6112293449659196
0.7026665879183782
0.8305526380737622
0.7355175098751014
0.6344826158786576
0.731640519887682
0.6970498641482508
0.701222210386653
0.7531667758926512
0.7446249596498631
0.584623975555102
0.7181362348298231
0.7090930666242328
0.7356771285887118
0.6765311155328537
0.7785118973444378
0.7489848137729698
0.703867425048162
0.7607490529616674
0.7668523013591766
0.843098553220431
0.7727341366310915
0.6049743427170647
0.8324653555949528
0.7995826806577426
0.7661062124532851
0.62832732439777
0.6351631581783295
0.8367803924613528
0.4831755741860241
0.6000816762725182
0.6903836099487362
0.49580638504532915
0.6973937729994455
0.5148531534605556
0.768036563245077
0.8955100748274061
0.8026999334494274
0.7548519857227802
0.6243538393860772
0.7806933975882
0.6687416675828752
0.6791430870946655
0.7225201910734176
0.9066307918230693
0.7339903142122801
0.7200217189060316
0.8532391826311747
0.596322098126014
0.7766329536835352
0.7335408511852461
0.7773503324499836
0.5167755633592606
0.7918382442030498
0.583688794200619
0.6691435227791469
0.7860114498152619
0.7255050133145045
0.5296837541792128
0.5735987804869496
0.8165398798291644
0.523449498426124
0.8097316795871371
0.7186169531792859
0.754522090156873
0.7924775110350715
0.49470563175599047
0.5098518843582848
0.48302336543325386
0.7645133852012573
0.46051545441150665
0.6670106331507365
0.7759862832606785
0.6834838608995315
0.464298831919829
0.7736228909110067
0.8953646376545046
0.7029259588037218
0.9216063664191299
0.8014763405109628
0.6349080611066318
0.7609335959509567
0.6951247441028459
0.7186342807358534
0.8517978299547124
0.6441610781382656
0.4319733770002448
0.6882641437980863
0.8175158886216644
0.5945584965745608
0.8414681177915331
0.7068546263940254
0.7207421213388443
0.6706749109758271
0.5611129919687907
0.8275937653250165
0.8168474199871223
0.7167539795791662
0.710165458144965
0.9627048737472959
0.8678597743549044
0.8971109708150228
0.4983688693702537
0.6618553414940834
0.577193376366739
0.5407523402894931
0.7795479274458355
0.631875949104627
0.8124768435955048
0.8321981565157572
0.7639114095105066
