0.9402986824512483
0.8184553074931341
0.6221739358786079
0.5501039868610418
0.8615975558418154
0.6746962712429188
0.6220797024391316
0.8146593996972749
0.5526318318314023
0.6082343424175992
0.6577047340588775
0.7843884040202413
0.7846830082318139
0.4269209573920975
0.611515526576017
0.6809735215372509
0.698669896562115
0.7166672612229983
0.787638982012868
0.994401678442955
0.5113136207097781
0.6515651261393642
0.5942568026831625
0.8393075035678015
0.7584707377685441
0.8720236539288804
0.7417818108248332
0.9182117352883021
0.6863981470748177
0.9481571465730667
0.7198582172393799
0.6619694083929062
0.5543334583441417
0.6650731547011269
0.6334561717547017
0.8069862626417719
0.666026237110297
0.7759189767160055
0.6074343215706002
0.6453138973613943
0.5609119431840048
0.6473729909326436
0.6258466526993319
0.7668572756979202
0.6135398775891021
0.7318540480401781
0.7930323976845968
0.7906659627678216
0.908039214434447
0.7533138030814747
0.9519629299640655
0.8976526608069737
0.5989176604482862
0.7608598156107798
0.706586753210378
0.6208905671481733
0.6068761067257987
0.7219979356796968
0.7320683697859447
0.8998673061529796
0.741809681094723
0.6707799133846702
0.7537128805538306
0.5743439544382549
0.7202294309460926
0.7248665350340145
0.7964929676583025
0.644459384756257
0.6183763580032127
0.8162154466741616
0.7262961900213198
0.6933783034817511
0.7415837056997443
0.6899265648259056
0.6343360736414239
0.7390581774711609
0.757686062819428
0.523942392733362
0.6983610447515887
0.7056293341246518
0.7749417205809285
0.5830186127583229
0.7781907657309184
0.7526157978035155
0.7073699162592963
0.6508550114101834
0.6985222271510534
0.7973021752304501
0.7739962644875049
0.6396677432552216
0.8324653539392683
0.8192633092403412
0.6946764979716185
0.6335796986097171
0.7065186036957636
0.8762870344850753
0.5488443384069946
0.7643072688283634
0.738140118555126
0.5328012725978932
0.5796466933356391
0.531117290494934
0.6961523657864661
0.8646517429086897
0.6071126858393351
0.8258786655607677
0.7410366343127356
0.7172303393483161
0.6364087823721079
0.5639559278885524
0.7356400931122327
0.906755971511205
0.8217652163699143
0.6543790982829201
0.8569457676675585
0.5094834433661567
0.918527114391327
0.7497723608972535
0.6814192034529918
0.5264973764618237
0.7632088570609907
0.6067512248193809
0.6990242208280261
0.7297924376196332
0.5055840743912591
0.5296837502055698
0.5798148992200377
0.8057869558716997
0.5537660407024754
0.855063909623358
0.7156940361080819
0.7454491878549258
0.6738022451047544
0.48656102196087725
0.5621040973224138
0.5595674634876108
0.8268749485354101
0.5621516850259568
0.6166482432494088
0.8804551165137027
0.6174775260308432
0.5826063217624785
0.7043465707037184
0.8702679288975985
0.7030606990059216
0.9062170124558544
0.75539597335421
0.7936903177182268
0.7161138544480006
0.617557184661136
0.7189515590340225
0.8226082639561759
0.6180540325713682
0.5686119231439771
0.7365890421249248
0.8318885686433213
0.567848995923996
0.8088145126347188
0.63910828265803
0.7923461298147838
0.6677792709097903
0.5590523898601532
0.7447662618425157
0.8134502780934174
0.6363499337976629
0.3447341466391528
0.9689591990576849
0.8509865531045147
0.7067286183436712
0.654508447926421
0.6963899976677365
0.5864737076925581
0.6968897372775316
0.7650944981310102
0.5955631554126739
0.8134449306461546
0.8053403179796915
0.8230166048915297
