0.9880786091089249
0.8595088284870547
0.6281590708045879
0.46725465481479966
0.8289299226129836
0.6812587407609774
0.7804334229893155
0.8546024331340083
0.7357701354083561
0.5634929380977652
0.705941133413996
0.7687815169158279
0.7474840465175125
0.4843616932157486
0.6024452631435697
0.680737766954634
0.7372406036260897
0.7542625688844257
0.7613980730705792
0.9481097052494685
0.5235208202333467
0.47447519875192024
0.5410521036308062
0.880507716205385
0.7725345901317067
0.6152191736300787
0.7749018073684037
0.9164182603359222
0.6351109532236356
0.9195792625347773
0.74075267333833
0.6480684402916167
0.5217634367564368
0.6241183529297512
0.6247844068540468
0.8446437773250399
0.7511525129830395
0.8027023497482214
0.5963743944016714
0.6667837199836812
0.5683917965491614
0.7003527532494258
0.808508181406392
0.7181285860992613
0.6239448098672762
0.7004061818122863
0.7017751705078852
0.8190305122622736
0.9112532279163441
0.5006748560402128
0.9519629299640655
0.8812296390533447
0.5564893931150436
0.8906256175703473
0.7212196309845169
0.6026700977925901
0.670551040161539
0.6361750588143542
0.6866480007215783
0.903870642847485
0.710902979939875
0.6538188186114428
0.7762953028897549
0.5678370059264304
0.7045370356431083
0.7555406608160526
0.7706527964274089
0.6662169866620121
0.6567757416128902
0.8296348963070799
0.6422387739732152
0.5958076855808339
0.6855695329888545
0.7622637665815769
0.7189593371829004
0.7615323705923935
0.6541995520393054
0.45904437204202014
0.5779476863642534
0.6679355770349502
0.7511777269934852
0.6838360944565152
0.8128646882564302
0.7551670360186744
0.6801217502415782
0.6336231529712677
0.6681072786450386
0.8853139191865921
0.701729820282371
0.5908007402584035
0.8324487457672756
0.7540527893200752
0.7640151082858061
0.5645565077662468
0.6438662926355998
0.8046925254542419
0.5064508166893449
0.7172265370872359
0.507181224405256
0.4780817227776961
0.7606473045216666
0.5440179986849663
0.7694495692198712
0.8702098147736654
0.6071126858393351
0.7555525728634426
0.5746736827350798
0.8058091986142559
0.6855280119401439
0.783989892119453
0.7339540046779356
0.906755971511205
0.7621393593458029
0.6049554338057835
0.8532391826311747
0.6020283511391392
0.734813928604126
0.7870288413589595
0.7860397214690844
0.5167755633592606
0.8376962418840936
0.5489208721609973
0.6879233515097034
0.8265880220052269
0.641508119387759
0.5296837601396772
0.6728529787725872
0.820534301655633
0.6030851417741551
0.8960487247617157
0.7526140706079201
0.7496403459873464
0.8067622125884634
0.5519726590451387
0.5055236285028261
0.6704259489761758
0.8195351932729993
0.46051545441150665
0.5068021573954159
0.7712126002543502
0.6270734138968129
0.484335254109095
0.7204701766371726
0.8602977526566339
0.6951539980040655
0.9407619246730098
0.7762293300694889
0.7498865220281813
0.6713898238681612
0.6594693495167627
0.7847693516075684
0.8147769951158099
0.5651648520595498
0.574883997177531
0.7365890388135556
0.7491954233428325
0.5848484390311771
0.8162869337682772
0.6702279996693858
0.8878557165463765
0.6057094747637525
0.6762214054663976
0.7503255241447024
0.6428707813223203
0.6048508343873201
0.3524143464035458
0.9627048737472959
0.8730306405611712
0.7883374889691671
0.5090774800898372
0.6640121329312373
0.44969633320178937
0.66455485759142
0.8281014202821134
0.6413612393024557
0.8355488337221599
0.7377436075497557
0.8026239543601319
