0.9433606485525767
0.8477506326207505
0.6482270301492126
0.5459921413503082
0.8807252278694739
0.5011714332378827
0.6676080574591954
0.8609090211214843
0.6701218086962748
0.6535537095813009
0.6250476276117658
0.8159134913586144
0.6101809117830161
0.3733382261731998
0.5955451896345174
0.680737790134218
0.5951685553623571
0.7552602385150061
0.6615165536247549
0.9944016734759014
0.43591652586783236
0.6668208326927569
0.5140447735707596
0.9007821218834984
0.6536097670594851
0.4211430855923229
0.7640470680263307
0.9199105729659398
0.6550135851425802
0.607069443166256
0.730318135685391
0.6854042175743316
0.5550323877069685
0.6645709507995181
0.5951908719208505
0.821648358034365
0.5889143056339687
0.7848259173387402
0.6752508240717429
0.5678125437461968
0.5165264938937293
0.674409662210752
0.5797235138639054
0.7986544575010026
0.6142222351498074
0.685231075518661
0.799427362626034
0.6581300125235603
0.95137276896724
0.7427285702613295
0.9519629299640655
0.860674756820555
0.447127250404585
0.8793085217475891
0.7271458851912664
0.586039316086542
0.63527879510263
0.7275744687351915
0.8064921332730187
0.9094935630758603
0.6297666692071491
0.6877680191602656
0.7626987882650146
0.5677808428449291
0.5881948146555158
0.6903996964626842
0.5665284134903733
0.669682939856586
0.6774522893098525
0.8676617849795591
0.7095267968002336
0.6369317051910218
0.7244498461839699
0.6757095737471467
0.6446044074164496
0.7239557560852596
0.7686818882271096
0.5712862246566348
0.7126336742330481
0.7293147577179803
0.7907525703862862
0.6393645270613382
0.7159187341493274
0.7667232837941912
0.6817861300827277
0.6317338483201134
0.7024895267354118
0.7950639610820347
0.7707640374700229
0.43665734374964676
0.8402050286531448
0.7369354474875662
0.6107708918027001
0.7435271698567603
0.6045157296790017
0.7982870903280046
0.48138091778546044
0.4063770098156399
0.8072333973315027
0.45508851613553747
0.616219734483295
0.5789235042937008
0.7215909827796239
0.8965367847018771
0.6071126858393351
0.8144440923418317
0.5615047561399864
0.7936539055756581
0.5568953254677
0.5829329043626785
0.7093428854589108
0.9066307957967124
0.7137999931971233
0.6543790709641245
0.4511787941058477
0.6521467585412283
0.37759267456001705
0.7680757060883537
0.3756527642409007
0.5320735139979257
0.7260419713358177
0.514336430433898
0.6936459937029414
0.7862997012478965
0.7583181190269965
0.5296837502055698
0.4545452415943146
0.8159686562915642
0.6879857128307069
0.7988596491741411
0.7417618258112164
0.7496403410202928
0.7726719901793533
0.6193405319523522
0.49461475259304644
0.5183291879413321
0.7513549502564485
0.29934767385323846
0.6640598045455085
0.5656437088383569
0.7030014765058827
0.6609552644547962
0.6733664677980122
0.8703601087133089
0.7964726533326838
0.946901048377708
0.7757008102807132
0.7713740792234389
0.7116281801351795
0.6744376675287882
0.5563243229170235
0.8944924887683656
0.6607546149580567
0.4625365838802681
0.2745462291770511
0.3980047231426044
0.37730499658018646
0.7888398650619719
0.6516108935335079
0.7407768989602725
0.6242004775037668
0.6785008500019709
0.7993880656976549
0.5594130011541503
0.49665681544750456
0.34474827282958564
0.7725801434781816
0.8746756510903138
0.6922649397994532
0.40355041027069094
0.5652419909650896
0.5496020182257607
0.698330464048518
0.7994254562589858
0.687163362900416
0.6986898481845856
0.8163594925214374
0.812618453083215
