0.396669824719429
0.8572912702824365
0.6480803764528699
0.42247352255782844
0.6844043682018915
0.4958758637640211
0.6241402990288205
0.7090837023474954
0.5924998945914782
0.3997495618249689
0.6042486103972528
0.7727838390482167
0.47503755022953087
0.49056786977582506
0.5721723960892635
0.6807377735773723
0.712987366547345
0.6798693464861976
0.6338135474107482
0.7489004631837208
0.48428684313919984
0.6227440457495432
0.4344749180215691
0.9044855394297177
0.4192204798261324
0.5654760938551691
0.7091557673466058
0.8984501143296559
0.6668212889741969
0.5864880244646753
0.6660192840629153
0.6713984244098568
0.4044861503773265
0.5333087245623271
0.44942572013831433
0.8362335112801305
0.23659049760964182
0.6333758775992369
0.5151702351310626
0.44306362365919444
0.38614047198068524
0.718331487263952
0.3127876676264263
0.6726198643445969
0.6834238302281924
0.5129176636536916
0.7994273787689588
0.5661235156986448
0.9607437170214121
0.6078830757096387
0.9519629299640655
0.8622405368972708
0.40346435705820716
0.47390519744820064
0.6488525617532629
0.5698877832403889
0.418400295553384
0.5559592495493367
0.5975090504278311
0.48662981556521523
0.4396215482793673
0.5565374936170624
0.7622374150120181
0.3283223898874389
0.5141867657502492
0.735427629938464
0.5078415704624993
0.680715943322425
0.5923871340345682
0.813825517653199
0.6434058332017489
0.5504681183421423
0.6785870640394835
0.48871993803315694
0.7341406343624606
0.5562361857247731
0.6364967391762153
0.5006177739964591
0.5197338535461896
0.4706328970690568
0.5588118252676098
0.617265459835793
0.5516825392511155
0.7398086996305557
0.6728067118674517
0.6173740016917387
0.7105818713704746
0.8860904372400707
0.674347880979379
0.46907594698626975
0.7371842306521204
0.7725574017044098
0.6290975564848438
0.5643808874819013
0.4920747141043345
0.7499687257740233
0.4741361677278707
0.3655595669889043
0.5785503108980794
0.3830250383700643
0.43000805377960205
0.5242693860616003
0.7645631950230353
0.7507905297809176
0.5447163879871368
0.7863448758920033
0.5551754666699303
0.5866135838958952
0.4895980285084437
0.3991428122476295
0.7304813354208776
0.8297767395064944
0.6105832710625634
0.25603104134400684
0.2504064112901688
0.6064649135978134
0.4418382694323858
0.6818233468229808
0.4168552939187397
0.5580038748405597
0.7491237848089799
0.5486740228938467
0.6956763337883685
0.6714668538835313
0.6690974504583411
0.44939755400021875
0.5226223971162524
0.819118256606753
0.5834236814689387
0.8790790344987597
0.7595285441412594
0.7496403646137979
0.8165109559893609
0.5687308292065776
0.5077653426925341
0.39784804364991566
0.7890065844569887
0.30441995792918736
0.5306470322388189
0.41221331018540597
0.5154184337409716
0.4832153038846122
0.6957098709475216
0.9057958963016669
0.7221213248040941
0.9310555513258333
0.8036857030457921
0.5788153812644028
0.637694388628006
0.6893488119045893
0.601520006116184
0.6833585282718694
0.6448513824078772
0.5135890510347154
0.2609261512756348
0.4924709889340022
0.5586530876301584
0.8794337848638311
0.6698286445344472
0.581507588426272
0.6534339101226241
0.5109562252958616
0.7049509185962575
0.4547678054798217
0.6177551567898512
0.6394775385657947
0.760073805020915
0.8959534126851294
0.7213793014302666
0.5777285459085747
0.45614906772516295
0.33895763021612924
0.5671665760929938
0.830524557961358
0.43394987272719543
0.5550764120287365
0.4866998681315669
0.7636902266078525
