0.9433606485525767
0.7425626455694376
0.678500166700946
0.5330749972945168
0.8614970047929008
0.6715794738796022
0.5971212360594007
0.8262121677398682
0.731123270733016
0.408354509302548
0.6611874789254278
0.7727838446361521
0.6250968134721464
0.4944455898943402
0.6376533812710217
0.6807377735773723
0.6248673707351904
0.7390038477049933
0.7221769912611871
0.9504562874635061
0.5798611488677277
0.6668028852769307
0.5523140473254755
0.8548718363046646
0.896495178282734
0.6207646044592062
0.7537332328013431
0.9182117392619451
0.687834375894364
0.9410408685604732
0.7024410615364711
0.6584345823715604
0.5030142556107233
0.6262660970290502
0.5673361246784528
0.8460100191271203
0.8045744785556086
0.8096041491512809
0.6528618906751091
0.5693828523868606
0.4498108545939128
0.7170602637729107
0.8406798397651827
0.8320737265878253
0.6254831817415025
0.6738819248146481
0.7017751705078852
0.8433700176300826
0.8788609238213332
0.6989511819018258
0.9519629299640655
0.8689789427099404
0.531289353966713
0.8777173580946745
0.6787540114624596
0.6986807241326287
0.742782099434623
0.6827111480491501
0.7494347514929595
0.8998673127757179
0.6717455953759879
0.6363310291000324
0.7887831078319953
0.5073351943303668
0.6053063851838208
0.7287911361432264
0.7568880461984211
0.6698164179935064
0.6859212053555344
0.7390052924553554
0.6458674205555802
0.6969867625952639
0.8116261702208292
0.6555411699319643
0.7268944926054022
0.7649476727086402
0.7341189153584433
0.6461636109484566
0.727731905561505
0.9144886154977102
0.7499773949384689
0.586095451267093
0.7828414585720114
0.7551670431144655
0.6933370776198529
0.6792939065415182
0.740281085173289
0.8853139241536458
0.7739022163053353
0.614299232567902
0.8279766175482008
0.7436076998710633
0.7649194420712189
0.6080414673144167
0.6206424153513379
0.8744891828960842
0.681471170650588
0.8666502447570386
0.8190023536101365
0.5722002571747627
0.7606473045216666
0.48176804801196227
0.6810112711929139
0.8631649795505736
0.6071126858393351
0.7555525728634426
0.6107156571782666
0.7806933861639764
0.5665968996948667
0.810488967983811
0.7304813561169348
0.9066307957967124
0.7968903410638499
0.7205200244983038
0.8532391925652822
0.6019294173629195
0.9452694147825241
0.7539139441081456
0.6922597135106723
0.5167754963040352
0.7375659130629542
0.6696938301126163
0.7053483684121826
0.724491535502876
0.6734793313911984
0.5296837541792128
0.5712000544739778
0.8205343021286857
0.603111355118465
0.8836307480747319
0.7036317007634464
0.7496403472291098
0.79555503534682
0.5284553377655412
0.4981571152856966
0.5391879407186357
0.8317792374764342
0.46051545441150665
0.6459110478560129
0.8024566303169917
0.6711636491456456
0.49880773254803246
0.6700328457144017
0.905795902510484
0.6951540292255463
0.8728757683562223
0.7821593158172839
0.758361624103356
0.6684649427022253
0.6464563990080798
0.7164044086106871
0.8147769951158099
0.5916976141623962
0.6044384281392451
0.7172766925560103
0.806442279345896
0.6271227166056633
0.8260313345326318
0.6798897590679503
0.765496663749218
0.7043956433023726
0.6785008500019709
0.7528581519921621
0.85088911652565
0.7052393253022581
0.46347624505007706
0.9689591990576849
0.8956683496634166
0.7562465091546376
0.6033104560993336
0.5992744800684944
0.4828674150364739
0.672693353273675
0.7873119343410838
0.6091021078162722
0.8281414177682664
0.67193050061663
0.8155914213922288
