0.8369864506853952
0.8477506349132369
0.6323273322096578
0.2797971718376836
0.6435842785938286
0.40967173708809745
0.6601269024389761
0.7596581790182326
0.6706023571582941
0.2575826354443081
0.6253101669606709
0.8356290964695512
0.34137109138517296
0.3029094928786868
0.6050431625796603
0.6807377802001106
0.5809575094450978
0.6936188004083104
0.4654508100223471
0.9504562815030415
0.5044633460675598
0.48873367806275686
0.3925275905526172
0.8548718338211378
0.39373746597104603
0.38153542215243363
0.6948501892162091
0.9164182563622792
0.7759975240195685
0.4189607367655377
0.282258763578203
0.4605416371708824
0.28503461480140685
0.5876194619470172
0.615692914284841
0.8362335218765118
0.3488377323226323
0.45955449168668516
0.5204644620418548
0.2572121550107286
0.3862583324764714
0.7013215309570706
0.68064757419484
0.41881765301028884
0.6260313830441899
0.42536923421753775
0.7994273551754534
0.42830980527732104
0.9607437170214121
0.751523036868484
0.9519629299640655
0.8679717900576416
0.2297155459721883
0.3534633989135424
0.45686963285718646
0.6053237401776843
0.6758513961125303
0.25967122330552056
0.36495316558414037
0.3632725477218628
0.42825244052542577
0.5939097802672122
0.7896204285367819
0.3956177797582415
0.440635335776541
0.7704697175451483
0.5273880280199505
0.6497873454905728
0.6524531309093747
0.7792627618958552
0.40433810320165425
0.2825679619670351
0.7543535163041581
0.5227384715393828
0.6960274620503976
0.5940134483906958
0.4257826463097618
0.4897850086291631
0.747383498041718
0.46855274218100085
0.30088767995182264
0.6853959925200979
0.7024458342979825
0.7083061823138483
0.6735672071024223
0.3083792973648418
0.783149974686759
0.8727765758832295
0.38350143159429234
0.28249910426518277
0.3169626176357269
0.7840525794123846
0.2762372731058686
0.6183763674563831
0.7085773321213545
0.586946785148948
0.47308620599408946
0.36947927822669346
0.5414468480481042
0.34850860144647344
0.32033287088076273
0.545622608433535
0.7579168428819647
0.8004101057847341
0.5161204602983263
0.7555525728634426
0.25351101060708364
0.3404239103198051
0.303738097846508
0.7255249775118298
0.7289565583727136
0.8893772211812792
0.7341502093606525
0.3922515238324801
0.33098888595898945
0.6298522750536601
0.4314030448595683
0.6483142874622472
0.3309774937503266
0.5945136497418086
0.760426335020691
0.6404274924485771
0.6894474199248684
0.7426521504188286
0.6734793399061476
0.3538963298002879
0.3325792934213366
0.8205343035478441
0.5716221398665198
0.8568837433752388
0.7173452912452565
0.7496403513683214
0.8758840961843475
0.6425553183283088
0.5051102273166179
0.38285274784965323
0.5783346533538803
0.2879072030385335
0.7112463166316351
0.39971965178847313
0.5866337289111783
0.2789227394830613
0.7113645021877592
0.9149521326025327
0.7100890278816223
0.9173477702039889
0.7949025284912852
0.38914050760806773
0.4272011235356331
0.6363601665648203
0.34296721591180934
0.7441185199552112
0.6775117193249774
0.5689972241117496
0.532991016904513
0.6824523605342604
0.2767219446373708
0.8445652413699362
0.6625150548763413
0.4105955941809548
0.7887482177880074
0.600099112590154
0.2578576041592492
0.3911815179245813
0.4445551519040708
0.6636930116348796
0.9689591990576849
0.8938887655735015
0.7431235074996948
0.525819337163022
0.2805637938854022
0.2624926449997084
0.7007037608159912
0.8229742663142121
0.4387312932447953
0.38189256025685203
0.5409069321458302
0.7634936836030748
