0.9880786091089249
0.8477506349132369
0.6561507205168406
0.39394650399369535
0.843537438544113
0.663494459693394
0.7496408018800947
0.811256297790643
0.7269725752255274
0.47817426550228226
0.7242482651320714
0.754454474986861
0.5879613192953589
0.4861572773115975
0.6363470506100427
0.6807377735773723
0.6628144422851542
0.6730357240195628
0.7559092434247334
0.9481097072362901
0.48290472891595626
0.6426240766878093
0.6797109361700338
0.8805077236559656
0.5044273218806878
0.7217689995964368
0.6853015760580699
0.9182117352883021
0.5967008705608561
0.9168541478338065
0.7036768061419327
0.6562328475808341
0.5543334417872958
0.626266082127889
0.6276149327556292
0.8423020460775921
0.7430969348660221
0.7838316136409366
0.6445259404771122
0.6510252916285781
0.5730523515970279
0.7003527532494258
0.6577662352058622
0.7299843038673755
0.7277051998509301
0.6738819314373864
0.7994273576589803
0.7204160886230292
0.9545097174467863
0.7520921009558219
0.9519629299640655
0.8689789360872021
0.49618423243363696
0.8735620286729602
0.6961686502009521
0.6468205300588457
0.6446351205691313
0.636175043913193
0.682838383175078
0.9391823535164198
0.6620945555995208
0.6453564347413482
0.7896323574431263
0.5630145238978522
0.6137541070580482
0.7053196633780243
0.6838893426789178
0.6721712652193843
0.6432626615861526
0.8546355409803343
0.6934807307821101
0.6312989234487653
0.7991404518012016
0.6840206658319822
0.6902628135218611
0.7700553487532984
0.7003193236427543
0.6461636126041412
0.6757190165420374
0.914084250976642
0.7675914946529601
0.6396608984449343
0.7986606672760985
0.7581690892340645
0.7116758390157312
0.663878518011835
0.7055675472531999
0.885313921670119
0.7762128114700317
0.6699222862720489
0.8312413344780605
0.7515439822796792
0.762849597891851
0.6321178328843764
0.6494919028547076
0.8029610352082686
0.44343868593374886
0.7557039995231325
0.6857394921401191
0.50910972603375
0.6144036912255817
0.5356438505034598
0.5757031078802215
0.8702098081509272
0.6071126858393351
0.7555525728634426
0.7432650735884001
0.7850888840026325
0.6120625586311023
0.7690452608542565
0.7304813461828273
0.9066307918230693
0.8174587257758335
0.6005420724550883
0.8532391826311747
0.601929427297027
0.9452694147825241
0.7748922397321314
0.6268745005130768
0.5167755633592606
0.7938459033142304
0.5810085031577354
0.6816163197987608
0.8595449928608205
0.6734793313911984
0.5296837541792128
0.5735987804869496
0.8205343021286857
0.6030851365456775
0.9166085693571303
0.7372959039780878
0.749640344745583
0.8015352775285274
0.5229308165443871
0.5055236285028261
0.610493448529702
0.8082081610393756
0.46051545441150665
0.6743098590109083
0.9126431345939636
0.6284466210983877
0.4907899352293166
0.6506375604205661
0.905795902510484
0.6951540136148059
0.9003797721255709
0.7990026719040342
0.7603378191214016
0.7669442652752905
0.65326864568014
0.7466146479996425
0.8102636848177229
0.6056716704652423
0.50005109427022
0.7389761766901721
0.8318885736103749
0.5485916013518969
0.8310525867674086
0.6778633603541135
0.7654966562986374
0.7136049310839365
0.6785008500019709
0.7804807441102134
0.8241414328416188
0.7275047390044681
0.5700699033008682
0.9689591990576849
0.8728458033065603
0.7368203061999696
0.5103556185645401
0.70546492503749
0.4637325620485676
0.6660179086620845
0.767411420863084
0.6111006216615693
0.8185223970148299
0.6705549160639445
0.7541715469625261
