0.9879436045885086
0.8812022340833825
0.6126995697065636
0.47540379126393606
0.8615975717363873
0.625077832200461
0.6079160888989766
0.8405763775110244
0.5599587621788185
0.5886888819258838
0.5647447317365617
0.8058210779781694
0.79501889448948
0.36914051510984935
0.5453513998676229
0.6807377735773723
0.679889020070531
0.6202223641452966
0.7525716143349807
0.945478626092275
0.5051645868354373
0.7249915820580941
0.6288047388339963
0.8693708719478712
0.6983848360559297
0.8790791863293359
0.668552933247001
0.890393528342247
0.6537081009898398
0.950904524752072
0.7273099210527207
0.6690020500085292
0.537781575984425
0.626266082127889
0.5789467444022497
0.8091038356224696
0.6529423771081146
0.8042317984832658
0.5391194120601371
0.6596004466215768
0.5075459300267575
0.6882697931594319
0.7970745290981398
0.6908001450319139
0.7368489540947808
0.6230593820412953
0.7920365567954759
0.6625164551709695
0.958718936531632
0.7549131135145823
0.9514309346675873
0.8730603255055569
0.5986742075946596
0.7056555565860536
0.7093759975736103
0.6300776874025662
0.6574768846233686
0.6885476364773147
0.7392670876450009
0.8236576914787292
0.6660072619716326
0.6424912495291051
0.739215478701172
0.5590397207509904
0.5827535066339704
0.7609738767767946
0.6146838045782513
0.6742294576984443
0.6200463013753059
0.8565669116110374
0.6977774540887398
0.6919037919295461
0.7509596225761233
0.6272162161601914
0.6722463402483199
0.7071067137850655
0.7344251192278333
0.5333285649617513
0.7387687293688456
0.7207073126402166
0.7443804347680675
0.6238181376696894
0.7432979344848603
0.7526157812466697
0.6419317578827892
0.6168645253548255
0.7403590960635079
0.8634731774528821
0.7360147088766098
0.6534774320781546
0.6985474484307426
0.7475659566712969
0.7575577432346576
0.6273754388093948
0.6051972765061591
0.7745758918198673
0.4575423463784829
0.7624700363666291
0.7371491472872477
0.5214233846628686
0.742979684361705
0.5589713818497127
0.8000529689625615
0.8631649994187884
0.6071126858393351
0.8199798658726707
0.7078820734112351
0.7952591963572266
0.7240531866417992
0.7691915382941564
0.8080492740869522
0.906755971511205
0.8827660145267607
0.4872044540113873
0.8373744557301204
0.6045560242637755
0.775263247390588
0.6903463067043396
0.6942498902479808
0.3905950238307317
0.7899080007954581
0.4849516751116546
0.6651315253514509
0.7635037343771685
0.6884503269952441
0.5296837601396772
0.5762606642785526
0.8447933136470733
0.5619224401943935
0.883290376724341
0.733303939145078
0.7482715578621657
0.8176183274159066
0.6540042575524629
0.5102878512303575
0.6096018831056456
0.7975471199504912
0.5120082795619965
0.6386115504635705
0.9277483741442363
0.6399289169445433
0.5990487237771353
0.6119484898767301
0.9128664801045069
0.7937913267385392
0.955377557101073
0.7946641015601748
0.7797693918440856
0.782142006136753
0.6807663475887644
0.7689524909727788
0.8163269545350755
0.624575664058455
0.5437515676021576
0.7480278406982068
0.6934944161122032
0.5655731134944493
0.8512247889682099
0.6777285985938493
0.8090168535709381
0.7439471729596456
0.7049598072965939
0.745300938685735
0.7035916621486347
0.6216582810194646
0.3959502467402705
0.7725801434781816
0.8383239975051274
0.7425392637650172
0.5107965149576702
0.6683316172188163
0.5623734096255997
0.6869389478255201
0.7387587666511535
0.5252593540956103
0.8132398625214894
0.7743330366081662
0.69900627185901
