0.9880786091089249
0.7686140309408228
0.6205872810135284
0.5410189592040856
0.8615975548484047
0.55721436922197
0.5971212300989363
0.8670947606916781
0.6906902809548223
0.5338727873469156
0.7026185478846815
0.7851679091317156
0.6975012187102829
0.4780567220846812
0.602445262150159
0.6811657696962357
0.6039914736245378
0.6798617882861031
0.713028795165675
0.9504562815030415
0.505543630747568
0.6103660852781364
0.5991444254271042
0.8548718396160337
0.5638175781402323
0.5439643177390099
0.7585822041829426
0.9182117293278376
0.5207050328111733
0.9464331067034176
0.7240932337821475
0.613377386572385
0.5628405168416009
0.6248801723122597
0.6169531440569294
0.8465881629784902
0.743096931554653
0.7572312994713926
0.5929340209279741
0.658164858311212
0.4859577197017092
0.7013215352145452
0.8131710167284365
0.8180327792962392
0.6262164096589442
0.6480491533875465
0.788615980749618
0.5395740199656713
0.9127185029012185
0.6289263266324997
0.9200847893953323
0.8689789427099404
0.6457312181591988
0.877717344849198
0.7166968392947364
0.6272508282628324
0.7452111584168893
0.6169506955004874
0.7124935114825213
0.9163372202052011
0.5645287433313945
0.6748486693626569
0.813634170137175
0.5784591165326891
0.723905690298194
0.763159198374328
0.7818274339040121
0.44855154533952163
0.720561617364486
0.8215041203631295
0.6241643417238979
0.6958843767809324
0.7586402793725332
0.7083973275711086
0.7245486638060323
0.7427280017307827
0.7089147167073355
0.6461636126041412
0.7631719816298712
0.9144886240126595
0.7583730654584038
0.5375736553717833
0.8128646882564302
0.7571101758215162
0.7233465674341235
0.6763316022761073
0.7831499713753898
0.8853139316042264
0.7411656695383566
0.6867618761089428
0.8279766192038853
0.5815036409982928
0.7567136489828281
0.648014464588077
0.6494919078217614
0.8714713480737475
0.4871427641974555
0.616498613779537
0.8014297907551129
0.43125510007616064
0.682901140054067
0.5251224354146019
0.795323807600314
0.7518275959624184
0.6071126957734425
0.75555258279755
0.6727729705969492
0.7850888979103829
0.6098033377257261
0.8275440201313808
0.749749138002807
0.9066307918230693
0.7425590527278405
0.5017341981331507
0.8532391826311747
0.59459646653246
0.9452694127957026
0.7342041515405215
0.7788699937589241
0.494651421573427
0.7451554812689479
0.4974573292482046
0.6856337300368718
0.6816342040344521
0.673479328552882
0.5296837601396772
0.6728529787725872
0.8283001321648793
0.5255296064314845
0.7288329316510095
0.7068981486653525
0.7615722339186404
0.8067622483512502
0.5608868962885594
0.5175447568168371
0.6988418223532865
0.6924306781691046
0.46051545441150665
0.6459110478560129
0.7769096498688062
0.6445437514519954
0.48433526120488607
0.683317334458521
0.9057958963016669
0.6945944518323929
0.9407619296400636
0.7745305365986295
0.6764539962841405
0.6684649366708029
0.6862479481432173
0.6799760153369299
0.8163205766015582
0.5548872268389141
0.4803865038686328
0.7389761700674339
0.7491954610924408
0.6155629133184751
0.8310525942179892
0.4753395181366833
0.7654966885844867
0.6698037925948445
0.7558195268114407
0.7804807474215825
0.8327617025091535
0.716416443260307
0.5060000204377705
0.7383024137881067
0.8744822161366241
0.7631688525279363
0.487757051464111
0.6455988200556517
0.5158341146887295
0.5404878806854998
0.7971855206923051
0.644929840041216
0.8281414061784744
0.6707745525572035
0.7541715453068416
