0.8912175397078197
0.8705820967911413
0.6659639297812074
0.4316674864455085
0.8305037797261507
0.38293952690230476
0.533497816103476
0.8170041352510452
0.6228954270482063
0.3495935232866378
0.7308667949095777
0.7855947819178697
0.6504491382175022
0.4211899005886399
0.5539930247902329
0.6807377636432648
0.5409801635409699
0.7881022197504839
0.690873163441817
0.948109711209933
0.48359941960011843
0.7015228706692893
0.48185892839789823
0.8483012686173121
0.7868813020763574
0.6975823900706712
0.6569356229570176
0.9182117233673731
0.4544191497711487
0.7194332576092378
0.7093285473566207
0.5824092321022593
0.2935180405775706
0.6262660846114159
0.5894921430283122
0.8700599694417583
0.6220679311525255
0.7792526759132785
0.44501653763982985
0.4639044863206369
0.40734657843907673
0.6630261838436127
0.5446604919930299
0.6958719022847988
0.7934243800148131
0.5041736474743597
0.7231738554225082
0.6299238941735692
0.9545097174467863
0.7254005712933009
0.9519629299640655
0.8689789360872021
0.5971119397216373
0.7656115492184956
0.6969310777527945
0.610204238158006
0.6042411836452815
0.6895725047462201
0.6194797602516633
0.73137956119719
0.6108725903612194
0.5854176112678315
0.6919643441675589
0.49656454102387504
0.48080665819228635
0.7744058371241818
0.669784464041392
0.492250648874139
0.6697613279970864
0.5255194281538328
0.46340924352407453
0.6796718005077307
0.7013358827707228
0.6992102414369583
0.6298856009487752
0.7390495690088423
0.6866662467519442
0.6080929868751102
0.6353133656530299
0.6510746466340842
0.6902789566506687
0.6019600789488098
0.5986545344036092
0.7581691057909103
0.5842100999973439
0.6171060367425283
0.7425946444272995
0.8642623553673427
0.7381233011682828
0.5991150927212504
0.7270856979820464
0.734663470475762
0.39564116299152374
0.4965117442939017
0.6837931424379349
0.7549235437755233
0.3543319958779547
0.6123605003432623
0.6302416441301819
0.5072985773009283
0.5495166273580658
0.43014620465260966
0.7309102669667558
0.7989572293228573
0.5743209242820739
0.7136865460210376
0.5965879254681724
0.6309879602657424
0.6496896077940861
0.7321447862519157
0.715907326185619
0.9066307957967124
0.762264586157269
0.3778587877750397
0.6930197636286417
0.6211513192565353
0.7709781913845628
0.7892412545267866
0.5612948197366554
0.417482183487327
0.7770607426126588
0.42975395417507783
0.7359555357032352
0.5663229347103171
0.6793231363334353
0.5303243789407942
0.5735987804869496
0.8205343021286857
0.5689743910405705
0.7913441938583298
0.7140838409505303
0.749640344745583
0.8378518677420086
0.6180274342601539
0.4698323117243865
0.5131882923717754
0.7399069496199616
0.43703195618258583
0.664256143172582
0.7210535529113952
0.6897119595890953
0.540210376183192
0.6105401773956378
0.8693415927390257
0.6468533684147728
0.9544844301762404
0.7845326746758233
0.5646620588446105
0.7664964439471563
0.6680903550651338
0.676763537616236
0.6846258187735522
0.6449202357021516
0.45798855780819314
0.6014451622962952
0.4695496973318931
0.4353985610935423
0.6588618498709466
0.5371766976671282
0.7074860440360176
0.7098171552495351
0.5054003099600475
0.6489414559470282
0.5567148243387541
0.5326879611202315
0.458622280922201
0.9689591990576849
0.690812136862013
0.7417255381743113
0.4506900630324905
0.4758753224825248
0.36842170302514676
0.6553244878246327
0.8063039879740019
0.693628373345467
0.788865316245291
0.6844196491771275
0.6752088629537158
