0.8649979680776596
0.9992128908634186
0.9537522506222805
0.8774025529726512
0.988256096839905
0.7988896883370425
0.9936078985532124
0.9470766989203792
0.9581038568479319
0.5025932249519974
0.9994980871677399
0.9399349703675224
0.9944774481383235
0.5639886745624245
0.9946028448286511
0.9968727380037308
0.9992177052931352
0.9235175090531509
0.6770475562256963
0.9330869714419048
0.9972563505172729
0.8992173311806984
0.7939881077610255
0.9415164698253977
0.6368920626409816
0.9233880223085483
0.9922963082790377
0.9925619860490162
0.9986252991052774
0.9972224334875742
0.9809730052947998
0.8694524964073208
0.5616782009601593
0.995878279209137
0.9964416941006977
0.9381624319487148
0.9594924092292787
0.9983461499214172
0.6756480132540067
0.704302537191049
0.9849492087960243
0.9995249992325191
0.971823201459997
0.8427063686152299
0.983591208091149
0.29146984219551086
0.988987646996975
0.9843112587928772
0.9924736618995667
0.9611667808559204
0.9901143511136372
0.9990948935349783
0.9927046199639638
0.9029218256473541
0.9934996628761291
0.9024087768048047
0.6517853962203455
0.9917224198579788
0.7911068586011727
0.5837800055742264
0.9783961723248165
0.9989529671492399
0.9990634466662552
0.9205115189154943
0.8601247370243073
0.9903164074338714
0.9545164278575352
0.9990666638249935
0.8501477773361668
0.8618189025936381
0.9983861717310819
0.8796723568991113
0.9102921647923615
0.776930721042057
0.9996391811541151
0.9842296498162407
0.5965462947885196
0.962083488702774
0.9392896377481521
0.9849484711885452
0.8878973663474122
0.9997134028059065
0.9304982168333871
0.9906510040163994
0.9989800587777171
0.9951859580145941
0.9933486580848694
0.9737075790762901
0.69696819893971
0.9664199489813583
0.9339508016904194
0.9915284233934741
0.9803081665720258
0.8799418980876604
0.9946644008159637
0.9966249614953994
0.9910621539406155
0.6365004251413968
0.8233197935888895
0.9592424831776456
0.9861015677452087
0.7751325544985858
0.9727169373072684
0.992017924785614
0.9934099614620209
0.9909940958023071
0.8905098376905217
0.9571713391277527
0.9970909137474863
0.9550740964710712
0.9829143702983856
0.9955092370510101
0.9465505641506752
0.990585704644521
0.9433318773905437
0.9908071389565098
0.8270114958286285
0.9288575099064752
0.5452214058812908
0.9655129909515381
0.9994771916132705
0.9997088404802176
0.949654905214196
0.9316018677220262
0.99125570555528
0.9979907770951588
0.9896140396595001
0.9851748049259186
0.9647990081283406
0.9990225223933951
0.9653734703355565
0.9870647117495537
0.9888125658035278
0.8604682280306911
0.9990327847855435
0.9989366775209252
0.9970390796661377
0.9003246873617172
0.9545052528381349
0.9255704994385057
0.7293593651678141
0.5590188034738485
0.8662159615487326
0.9986532834859995
0.9876258571942647
0.9886373052230246
0.9950802832841873
0.618213869054847
0.9922044702938626
0.9980305212515374
0.8587290817185452
0.9893621355295181
0.9995717625868946
0.8446877095848322
0.9882934391498566
0.9857602218786876
0.7308004120031211
0.9274665161418465
0.9035467956474305
0.9648111909627914
0.9816083288192748
0.1535160429775715
0.9385258501226251
0.9923597921927769
0.991753290681278
0.9883075753847759
0.9960363407929738
0.998734778479526
0.864680791140667
0.8274267190458582
0.6740108426636198
0.23298307737478838
0.9972475431859491
0.7864508695140676
0.8764503504582015
0.9953820804754894
0.9342632765571277
0.9094119347058809
