0.22959237049023312
0.9987072870135307
0.9754060053825381
0.5840941112784838
0.7090537774243525
0.6512628530740234
0.9609612623850505
0.9269560383677129
0.8578834817917258
0.8850104665117604
0.9987281600634258
0.9296335147486792
0.8387599360246798
0.7714826550549003
0.9926211152757917
0.9968727380037308
0.9874307052655653
0.9561257362365723
0.7298559546828842
0.9773278435071309
0.785802330871645
0.8613369456116661
0.7523892392504918
0.9418124610727482
0.9188216305696045
0.9032077187051376
0.9263746216893197
0.9917825162410736
0.9679987720888237
0.9990657940506935
0.7905639261007309
0.7720294334425126
0.4224876846710685
0.9954658846060436
0.9968146317534977
0.9380732940302954
0.9538348197937012
0.6994290673839194
0.9427940845489502
0.7390243966268221
0.3895832723549878
0.9476812623796008
0.9808399116291721
0.992473840713501
0.9886568738864016
0.8897715359926224
0.9940377771854401
0.9904547810554505
0.9815976619720459
0.9994902246528202
0.9901143511136372
0.9991044070985581
0.9769508341948192
0.9759225646654766
0.9990902976556258
0.8434785994199604
0.71054467482958
0.9917084972063701
0.8176187177499135
0.9895844459533691
0.9855310916900635
0.9994886633422638
0.9944393518898224
0.950420302649339
0.21926704918344814
0.9995511708588436
0.8755581591810498
0.9984361899310142
0.80532966304357
0.8297296252567321
0.7906097915256396
0.9187125482399444
0.9824231757837185
0.7747957150762279
0.9972105641518871
0.9403264352253506
0.9759309242169063
0.968793014685313
0.9305897742509843
0.980776384472847
0.8872081824681824
0.9997202919589148
0.8723711967468262
0.9916890967975962
0.9987074945654187
0.7876261675264686
0.9935448169708252
0.9592593163251877
0.6619495323751694
0.9650400097553544
0.9135508704930544
0.938931274611284
0.9029115651210307
0.9480083431634639
0.9515282958745956
0.6496608422696589
0.9184065839275718
0.9972931842009227
0.918100222806097
0.9906167676954557
0.9803755879402161
0.7710105695507743
0.9858401287347077
0.9919213751951854
0.9940830767154694
0.996294488509496
0.9093678050181445
0.9780757592784033
0.987251043319702
0.9556015755819238
0.9117629416286945
0.9872796684503555
0.9450429979595357
0.9920946260293324
0.8938902318477631
0.9791890520315902
0.801939744502306
0.9519538512596717
0.9948783797376296
0.9624000092347462
0.9689271599054334
0.9327782369451597
0.9588121868825208
0.9449788351144107
0.8358972569306691
0.9939870735009511
0.9896140396595001
0.9847480456034343
0.961382575810697
0.9970379191286425
0.8968504127315727
0.9834223762154577
0.7564125224238349
0.9332660184132471
0.99925470928992
0.9930338507348839
0.9883049502968788
0.9003246873617172
0.9264965515870315
0.9518790818177736
0.9979560722907385
0.9874445979411782
0.8775571622989244
0.9991337023675442
0.9814733564853668
0.972148565145639
0.9797000340793445
0.9104335550917313
0.9911794452106252
0.8480497154096763
0.7020483825502819
0.9575375417868297
0.9014475375413893
0.8042937621903548
0.9504344662030537
0.7476891931146383
0.7004993111338041
0.9407723617073585
0.9248444484727332
0.8653097748756409
0.9969702649116519
0.11071330060561498
0.9427172487432306
0.9935109963019688
0.9655657281046328
0.8422008554140727
0.9956360658009846
0.9989155028995714
0.9145691120065749
0.9180190067474744
0.7378509266742703
0.7098036202100607
0.9996358966827392
0.8745043066711249
0.998538515147041
0.7518961814542611
0.8798672432700794
0.8626522660255431
