0.22959237049023312
0.9987072870135307
0.9725168490409851
0.6052403162337012
0.7090537774243525
0.7457842125262458
0.9609612623850505
0.9384520774086317
0.8579914921687709
0.8717820501327517
0.9992689534469889
0.9278966784477234
0.8682568914214656
0.7597822009887419
0.9933161366553532
0.9968727380037308
0.9963703941215168
0.9465201355162122
0.7298559546828842
0.9773278435071309
0.8153165372579161
0.8613369456116661
0.7778258816530675
0.5768841982353478
0.9188216305696045
0.9032077187051376
0.907946887612343
0.9916172325611115
0.9650978926400622
0.9983911241094271
0.7905639261007309
0.8993758101080312
0.4224876846710685
0.9954658846060436
0.9968146317534977
0.9698661537397475
0.9538348197937012
0.8041410408914089
0.9638802111148834
0.7218126740393928
0.3895832723549878
0.9476812623796008
0.9952369121944203
0.992473840713501
0.9531353345284093
0.8968003044525783
0.9940377771854401
0.9904547810554505
0.9836189299821854
0.0
0.9901143511136372
0.9991044070985581
0.9769508341948192
0.9759225646654766
0.9959281439130957
0.8434785994199604
0.7060952741187067
0.9922137012084324
0.8176187177499135
0.9853914529085159
0.9813332120577494
0.9995041721396977
0.9981301517197582
0.9481212043513854
0.21926704918344814
0.9994161128997802
0.8755581591810498
0.9980005251950229
0.80532966304357
0.7964558933599618
0.7879740230790857
0.9119688707063547
0.9815968222477857
0.7747957150762279
0.9930988223321978
0.9403264352253506
0.9745125224192936
0.968793014685313
0.9321313567459584
0.980776384472847
0.8870903551190471
0.9997171858946482
0.8723711967468262
0.9916890967975962
0.8835752091556789
0.7923438569996506
0.9935448169708252
0.9592593163251877
0.6836981149211239
0.9660482910963204
0.9151338400940101
0.9390429795226631
0.9029115651210307
0.9463812319768801
0.9499280601739883
0.9990457232509339
0.9163065881095827
0.8616228512769644
0.9380734393571039
0.9966103741616915
0.9803755879402161
0.7710105695507743
0.9995744172483683
0.9915618598461151
0.9940830767154694
0.9965316752592723
0.9093678050181445
0.9780757592784033
0.9502399230003357
0.9556015755819238
0.9450468271970749
0.9872796684503555
0.9481981920341598
0.9924626847108204
0.9147880971431732
0.9791890520315902
0.801939744502306
0.9519538512596717
0.9938825894804563
0.9624000092347462
0.971339857349029
0.8670636006592152
0.9621040724838774
0.9337155826646705
0.8358972569306691
0.9939870735009511
0.9896140396595001
0.9733843737178378
0.9576941039623337
0.9961343653061813
0.896303327220235
0.9791604443029923
0.7546825004475457
0.9412570452889971
0.9988634567106925
0.9930338507348839
0.9846842885017395
0.9327257970968883
0.9173845291137696
0.9518790818177736
0.9979560722907385
0.9900867709746726
0.8696390263115367
0.9991337023675442
0.9712717433770497
0.9797187309998733
0.9776337385177613
0.9104509754106404
0.7718151273106093
0.8520075830320518
0.6846370128769194
0.9575375417868297
0.8513023694604634
0.7986979384731967
0.9504344662030537
0.7476891931146383
0.6849103561772094
0.9407863841233313
0.914817863201127
0.8653097748756409
0.9969152522087097
0.11071330060561498
0.9427172487432306
0.9935109963019688
0.9557986438274384
0.8238541285196941
0.9929847617944081
0.9989155028995714
0.9145691120065749
0.9445022682017281
0.7264642392584522
0.7448363147283854
0.9995657086372375
0.8797275311398235
0.998538515147041
0.327265584272229
0.8798672432700794
0.7393468744837893
