0.8427638014157612
0.997979499399662
0.9888839006423952
0.3931264480213738
0.7098079155132707
0.3497585926939232
0.954247126976649
0.942205240070406
0.7310804556279132
0.9466372448205949
0.9995163769432994
0.9287200550238293
0.8386941756072798
0.7297091449605069
0.994701478878657
0.9968727380037308
0.9988373734734274
0.9853873054186503
0.687111838882708
0.9865716695785522
0.9947994974526492
0.8932124206965619
0.8355276288718663
0.9389139251275496
0.9157371727319862
0.9233880223085483
0.8196555119007827
0.9929584165414174
0.9562443918244834
0.9969825595617294
0.9809730052947998
0.6470387978184095
0.7877780825576998
0.995878279209137
0.9893693791495428
0.9416034464827842
0.5923640475608408
0.9977332694189889
0.9587810337543488
0.9873022900687323
0.9753413473566374
0.9995249992325191
0.6531652917893713
0.8921897162993748
0.9871984766079829
0.7676096931099892
0.9940377771854401
0.7612524930602655
0.9936586750878229
0.9981209370825027
0.9901143511136372
0.999128864871131
0.8233240855236847
0.9384019672870636
0.9985264028821675
0.8813536281769091
0.9575905537605287
0.9941475192705791
0.8267559558153152
0.5837800055742264
0.8684000591437021
0.998956670363744
0.9947817777142379
0.6762399692088366
0.8533316974838574
0.9975964862566727
0.904416458947318
0.9984296016071154
0.7183956669838759
0.8293232189389527
0.9384777512815263
0.7297625687693338
0.7751307960157388
0.8771417436396911
0.9996495771408084
0.8389988158430373
0.5024917148596917
0.962083488702774
0.7014444091764745
0.968667209148407
0.8883169709653075
0.9996917645136516
0.9858027517795565
0.9906510040163994
0.9988226352199433
0.7919246591627598
0.9933486580848694
0.9744164794683456
0.6865131413170065
0.9751432125384991
0.9339508016904194
0.9645892722266061
0.5390685296484402
0.9271799044476614
0.9923951327800751
0.9966537670085304
0.9558467056070056
0.8339268021318276
0.727508327734375
0.9933169357704394
0.9819264511267345
0.7837545858188109
0.9925746656954286
0.9916666746139526
0.9940830767154694
0.9909940958023071
0.7980552128351788
0.9310473013255333
0.9980591786535161
0.9565645044912463
0.9873512461781502
0.9955092370510101
0.9477435861190316
0.990562230348587
0.9387578666210175
0.9912630961491511
0.7817277610301971
0.9383336718265826
0.6134109644780812
0.9624389608701069
0.9995397077156946
0.9296482881674399
0.9496113711169788
0.9316746777822744
0.9919501642386119
0.9979907770951588
0.989146888256073
0.9836662709712982
0.960746180486939
0.9987053064739004
0.9993224185088585
0.9870647117495537
0.742784521642736
0.9586260822950863
0.999232388311817
0.835897931839678
0.996874729792277
0.9440020322799683
0.47393508721143013
0.9691460453546962
0.5352576924099898
0.4739667445134658
0.8605691266711801
0.9985626018964324
0.9876258571942647
0.9888701943250803
0.9950802832841873
0.9164074183806677
0.9936513358896429
0.77039897195236
0.942856707071003
0.9932035356760025
0.9995417237281798
0.7785059401335624
0.9882934391498566
0.9875724448098077
0.14638280173004692
0.9274472551093952
0.903587183223343
0.9367325454950333
0.9938085818290711
0.11151608948906262
0.9324170513586564
0.9916847894589107
0.9993539627860574
0.6373309815923373
0.9965278406937916
0.9961426916875338
0.863937865011394
0.7777077254738995
0.9563034321181475
0.6105023517527363
0.9972443925706964
0.7921629424304945
0.9991904880319324
0.9947814097007115
0.9257897386948268
0.9156852401793001
