0.8628360231717427
0.997979499399662
0.9989116191864017
0.5578782016204463
0.7058206435426007
0.5478702894971547
0.9531354109446208
0.9325413432282705
0.9603802663860497
0.4481076580334709
0.9006349436628323
0.9347833577129577
0.8245601783457553
0.4787972667042844
0.992172638575236
0.9968727380037308
0.9984873175621032
0.959121085703373
0.6318926429017805
0.9773278435071309
0.9996573066711426
0.4962229728086018
0.11283251550754136
0.9531928300857542
0.9403403103351591
0.9552917381127676
0.9668552072151848
0.9925619860490162
0.9497280838899316
0.9969692602753639
0.9809730052947998
0.8618419113551501
0.8289738852869379
0.995878279209137
0.9967331753836737
0.9443355484141245
0.924236059188843
0.9521694523947579
0.9731104837523565
0.7115717090375255
0.872083897368672
0.9989878038565317
0.997460004161386
0.9907067467768986
0.9704037845134734
0.7605189184347789
0.988987646996975
0.769294000015809
0.9936586750878229
0.9996419847011566
0.9901143511136372
0.9991311497158474
0.794434482852618
0.9384019672870636
0.9983190774917603
0.6727608854954058
0.9631418372903553
0.9942845056454341
0.8196515614787738
0.9539675265550613
0.9872789250479804
0.7264633507368637
0.9987229271368547
0.9456696771085262
0.950133740901947
0.9890091436249867
0.8699753241879601
0.9979789023813993
0.783599945679314
0.7726781677518938
0.9547266562779745
0.5520055233222514
0.9117822079330354
0.8415370131532353
0.9996633148193359
0.9111829012632372
0.5990023481038709
0.864238868157069
0.9371386978775262
0.7586909869375329
0.9058230552445387
0.866428304451559
0.8980796422277181
0.9936924034898932
0.9959589455808912
0.9016588293015957
0.9933001399040222
0.009609586209990084
0.6909807640521859
0.9598229710872357
0.9237533832589786
0.9404663651743356
0.769097791452493
0.9761635528670416
0.992893397808075
0.2405017931378097
0.9520331621170044
0.6621774601910686
0.8806886342863438
0.37890813838942755
0.9735812743504841
0.6926917703105853
0.7816319273288171
0.9916666746139526
0.9940830767154694
0.9871695687373478
0.7465506226622635
0.9310473013255333
0.8715832641250209
0.9501594617962839
0.9876058623194695
0.9955092370510101
0.9439782185771037
0.9889054397741954
0.9387578666210175
0.9912630961491511
0.7817277610301971
0.9639100157297572
0.6255743587115671
0.9624389608701069
0.9995098503736349
0.9227620798091476
0.9929188404764447
0.9304041961400671
0.9919501642386119
0.9979907770951588
0.9896140396595001
0.9851748049259186
0.646107657940814
0.9446769271578109
0.9230990019501544
0.9870647117495537
0.9888125658035278
0.7316806437079018
0.9992723122239113
0.9061960188925944
0.9986227552096049
0.9003246873617172
0.9297077357769014
0.773111524991691
0.6096556478067103
0.9622447949189404
0.8494806915987283
0.9982869848608971
0.9876258571942647
0.8371578067541121
0.9964438832324485
0.690819324756376
0.994507053068706
0.9971020906059829
0.8210995558061096
0.9932035356760025
0.8747913562937787
0.9140157221616911
0.9882934391498566
0.7345759583016237
0.6423769006039948
0.9274340032768252
0.6058604418489961
0.9503172039985657
0.9962218659264701
0.11151608948906262
0.9478743895888326
0.9943191707134247
0.529359827256378
0.5144291147589684
0.9967196683088939
0.9961426916875338
0.9271517904209239
0.8952662031310695
0.7318790262797846
0.30356842520413924
0.998611334711313
0.7938659133291557
0.7587473309311984
0.9953820804754894
0.8730292332669098
0.9052888387097761
