0.8915116339921951
0.9950466677546501
0.95131325755607
0.7083897823467851
0.990031523363931
0.7236412240770356
0.9550262888272603
0.9277795518670853
0.7412944110282869
0.945508209141818
0.9903135478496552
0.9738739252090454
0.7653139109862969
0.9829969512564797
0.9951937851451691
0.9968727380037308
0.9991555159742181
0.9712167751221431
0.738251752220094
0.9773278435071309
0.9991346191276204
0.6300248035483739
0.8023461775446776
0.9485595280473882
0.9091334285644384
0.6882548258950314
0.9076765447854996
0.9931609233220418
0.8691279175650183
0.9959021111329397
0.9738623599211376
0.8307176131592134
0.7234966829419135
0.9952620963255565
0.9958809779749975
0.612446335190422
0.422178165987134
0.627536905140409
0.7507496380712837
0.6885858294906332
0.9328730143324445
0.999295387003157
0.9176128027694567
0.9966075470050175
0.9704037845134734
0.7642341554164886
0.9940377771854401
0.17114713336699286
0.9922403891881306
0.6658918338940162
0.9901143511136372
0.9988948404788971
0.49505513120028705
0.9215972522894542
0.993946092128754
0.8096791236446453
0.3335252817916243
0.9924711932738621
0.7821999440590541
0.6539757698774338
0.7872003537292283
0.832108942514363
0.3969421818145554
0.9347110617728459
0.9923026065031688
0.30992654999325797
0.9727580887930737
0.6062576719806478
0.865656008082442
0.7923793256632052
0.9981286393271552
0.6930003023668179
0.7231786917429418
0.8640157428880532
0.9989038944244387
0.9684296309947967
0.949705923597018
0.7553219323356946
0.8362038889831371
0.2806991529650986
0.9040829098694737
0.899182810581624
0.9902567863464355
0.9904181957244872
0.9954735252165027
0.9367951618300543
0.9920536279678345
0.9619030505418777
0.6886599285957905
0.9662137352503262
0.9357214346528053
0.9415897718247246
0.9756653947489603
0.9194740040434732
0.041001486708410084
0.9991203681989148
0.9934981947853452
0.8998878658050671
0.8188651914335787
0.8160859563358827
0.9914976557095845
0.7096589548005299
0.8611443438587293
0.9942596256732941
0.9934099614620209
0.9890167564153671
0.7313230594487062
0.9526735444863638
0.9968967817046426
0.9501039300113918
0.9880763217806816
0.9955092370510101
0.9523438650395964
0.9889054397741954
0.9387578666210175
0.994265359181624
0.8167242407798767
0.9809345373740561
0.975492025122923
0.9655129909515381
0.9994053152891305
0.9221735291648656
0.9556377005009425
0.9434874206781387
0.9939011434714
0.9979907770951588
0.9896140396595001
0.9886391659577687
0.8040607945112361
0.3822634201708504
0.9645083562133769
0.9841392934322357
0.9962371587753296
0.8619205843650585
0.9973123267292977
0.681275085736574
0.5934224344996942
0.9003246873617172
0.8591925054788591
0.9938464947044848
0.5381931975580907
0.5940794747036235
0.823413946054643
0.9985162845024695
0.9854490558306377
0.9876268872847924
0.9942089170217515
0.9179334733068842
0.9972278305462431
0.8072155343904867
0.6572139274649088
0.9867419004440308
0.9989189160497564
0.9216950421149914
0.9899991949399312
0.9949276149272919
0.8244369103979451
0.9276249668858196
0.6654788906220751
0.9498175978660583
0.9869777512550355
0.1451343496640523
0.9375130317427895
0.9922734250624974
0.9854329268137614
0.39100505908330285
0.9965278406937916
0.4392243065306046
0.5379109354689717
0.9173785805396619
0.8951070690527557
0.30586845205666924
0.9990113116800784
0.8871537872443072
0.7278214119374753
0.994774376352628
0.9542522132396698
0.8934367418289184
