0.8531420603394508
0.9986128732562065
0.6718180264917113
0.8436077985097654
0.9822074345179969
0.7569897524791974
0.9857431749502819
0.93637569140022
0.8451408672112005
0.9956880403416498
0.9991923173268635
0.919893067744043
0.9862785664471713
0.7079540967549148
0.9897200539708138
0.8808479458093643
0.9988865987821058
0.9781526649991672
0.7131723138445523
0.987972617149353
0.9996458792686466
0.8828198897838594
0.6842995901789629
0.956347579305822
0.8758624322139298
0.8615074795153405
0.7013450564573641
0.9925619860490162
0.9703095438687698
0.9956931844353676
0.9752513120571773
0.8567386933136731
0.8009636774659157
0.9952620963255565
0.9966357151667277
0.9431094646453857
0.7739337623119354
0.8438391360369596
0.8602655996878941
0.6556448220190677
0.9234433420933783
0.997295203663054
0.9931680244557998
0.9921156764030457
0.9544791996479034
0.74259681502978
0.991828054189682
0.7512231488497211
0.9801764736572902
0.5735947611264279
0.9901143511136372
0.9961520830790201
0.9412404398123424
0.9415563344955444
0.6476254182952371
0.7765305707087883
0.9488068151474001
0.9868556459744771
0.7860254347324371
0.9691635966300964
0.9290163079897562
0.999108244975408
0.9976440131664276
0.9688767592112223
0.9891093373298645
0.9991728421300649
0.9821134124483383
0.9993730668838207
0.8626647942544272
0.8060631650566521
0.9518806603219774
0.854733924109426
0.7428030096662922
0.8716251288851101
0.9991524780497832
0.9627164431980679
0.9304760297139485
0.9758608241875966
0.9040313921868803
0.9879781166712442
0.6685540004271185
0.923361485083707
0.9856555802481518
0.9927315007556566
0.9938718914985658
0.9893297503391902
0.995898316303889
0.9702359288930893
0.6931011918932198
0.9674721681154689
0.9357214346528053
0.9588722428854773
0.9691975159304483
0.971872286664115
0.9938080012798309
0.9963593137891668
0.9972479224205018
0.9991105278333027
0.6862329254043289
0.9212950994119499
0.9883990089098613
0.8112703155387532
0.9996345024555919
0.9935155113538106
0.9940830767154694
0.9728531390428543
0.9041431799530985
0.942788320283095
0.993509082417739
0.9572333714279992
0.987346813082695
0.9932136237621307
0.9559824466705322
0.9712162017822266
0.9433318773905437
0.9920063935793362
0.801939744502306
0.9811212942004204
0.9479351744932288
0.967551310857137
0.9494162407414666
0.9994432284281805
0.9972690517703693
0.7704628891941026
0.9850879907608032
0.9979907770951588
0.9765241295099258
0.984767993291219
0.9610634085696662
0.9645714900072883
0.7820024915182818
0.9879091307520864
0.7538923596245393
0.8526688823495837
0.9981740467688617
0.9952114712108263
0.979233463605245
0.9440020322799683
0.925180705694052
0.9940275214612483
0.9991551529277455
0.9640557124064517
0.829913984722225
0.9910817369818685
0.9908830722173054
0.9477159426762506
0.9608366191387177
0.9050298969739596
0.9910691766177909
0.9962486664454143
0.8499321482683482
0.9888684103886287
0.9994837892682927
0.931324681888024
0.9882934391498566
0.9951205849647522
0.8340067721101849
0.9271718851034947
0.9163029821099069
0.9648111909627914
0.9938083171844483
0.10678345834215482
0.946643298322504
0.9305015504360199
0.9960366408030192
0.9754634102185566
0.9967196683088939
0.9896625970539293
0.6458098973879325
0.9423375207473079
0.8342328640765376
0.9624004455713124
0.9995281194385729
0.5610801075712185
0.9989185460976192
0.9945894877115886
0.9472344219684601
0.9139261887623712
