0.8649979680776596
0.9988050013780594
0.9979856753349304
0.6815289137917312
0.9867447444370816
0.8125488750979695
0.9531354109446208
0.9314758755887549
0.9662770524069114
0.9882754358378324
0.9995549321174622
0.9287200550238293
0.8387573993225629
0.628816380681071
0.994701478878657
0.9968727380037308
0.999346307732842
0.988377693153563
0.7359352065966679
0.9773278435071309
0.9995577633380892
0.7602947673067685
0.5212663635522606
0.9389139251275496
0.919284477829933
0.2973077491779501
0.9977605964826501
0.9926123321056366
0.9995335180025835
0.998321329553922
0.9705188522736232
0.8336890304887096
0.7936890870332717
0.9956333935260773
0.9950364430745443
0.9379853387880658
0.882946312427521
0.9645968344476488
0.7116907812278008
0.9133249735847736
0.9594891096154848
0.9996246165699428
0.6556682547225672
0.9964323540528615
0.9531498074531555
0.9635333567857742
0.988987646996975
0.6860714073525743
0.9925139000018437
0.998150322172377
0.9901143511136372
0.9976629979080623
0.9927046199639638
0.9434105356534321
0.9963665447737041
0.5187661899970127
0.9582370752096178
0.9932347337404888
0.9958824863036473
0.9906001389026642
0.9970577478408813
0.9919874419768652
0.9990435712265247
0.9553869503239791
0.8482140998045604
0.9995544470589736
0.16123598867229055
0.9983301603275796
0.8491354077683623
0.8602709922124631
0.8641855162050989
0.6843905298554328
0.8597273591418344
0.8499523172568942
0.9995334863662722
0.8123665273189545
0.996253992120425
0.12455276648203532
0.8392932989073042
0.9825076510508854
0.8880185234722578
0.9997255543867748
0.9304982168333871
0.9922276193445377
0.9987701965916542
0.8696398280915759
0.9959058662255604
0.9737075790762901
0.76720958819183
0.9627768351481509
0.9339508016904194
0.9495159941060205
0.9821941001074658
0.6194183007969211
0.992893397808075
0.996321555227041
0.9993090292681819
0.7834319324877773
0.8666868989872786
0.4802553263637519
0.9861015677452087
0.6781995675780557
0.9997630063444375
0.992017924785614
0.9940830767154694
0.9909940958023071
0.604252949623125
0.9310473013255333
0.9905380983101694
0.9595994048792384
0.9873063340783119
0.9932136237621307
0.947133123772801
0.9920879205067952
0.9387578666210175
0.9912251142355111
0.7430048137903214
0.9336621234050163
0.9816373586654664
0.9655129909515381
0.9995183440355154
0.9761641462643941
0.9745474321146805
0.9373723915296379
0.9934276044368744
0.9979907770951588
0.989146888256073
0.9851748049259186
0.9647990081283406
0.9988953471183779
0.9652741971216967
0.9870647117495537
0.9851699034372967
0.9589124919904861
0.9992118170184474
0.9494813003323295
0.9992512042323749
0.9003246873617172
0.6505995895713569
0.9256595843113384
0.7632013144592443
0.54304365398219
0.8590073187369853
0.9984753957161534
0.9876258571942647
0.8549227803945542
0.9961689084768297
0.762996091828304
0.9933878609112332
0.9980961104234058
0.8547805241848293
0.9932035356760025
0.999547028541565
0.8570051191574228
0.9882934391498566
0.9881675342718761
0.8589455385382311
0.927448177939888
0.9034995345509308
0.9596362709999084
0.8948917726031506
0.1535160429775715
0.9518140256404877
0.542062674028178
0.45865113950835973
0.9766877591609955
0.9965278406937916
0.9965165447105059
0.9284650388040713
0.9693902266859147
0.963527821536575
0.6580444361421872
0.9994845485687255
0.936900115767984
0.7827040621458794
0.9947814097007115
0.9248034904400508
0.9141105189919471
