0.8470594237248104
0.997979499399662
0.8770252682508963
0.8463107807162616
0.9753491963659014
0.6326519234750706
0.9590937594572704
0.9177050181620177
0.5402577738598969
0.6566338349472393
0.9643430236727
0.8866175694598093
0.8821821673528144
0.6178460863551924
0.9930652834120252
0.9968727380037308
0.9994362619790164
0.8884294989208381
0.7541479010782812
0.987972617149353
0.9995897987059186
0.9688853350552645
0.552338849301591
0.9657380364157936
0.8445555791258811
0.009566349126139862
0.8039355357177557
0.9924338261286418
0.9677723886875006
0.6964519216368596
0.9809193909168243
0.5527829724808477
0.5342201157049699
0.9911323587099712
0.543427703074283
0.6149990151526356
0.8760339796543122
0.5452795143549641
0.6429499404297935
0.5956113062798977
0.7488473746925592
0.9989341582570758
0.46394765015472395
0.9942530741294224
0.9758587300777435
0.7597445858021576
0.9940377771854401
0.44253495249431585
0.9817546258370082
0.9991893966992696
0.9901143511136372
0.9976726969083151
0.43868827788780135
0.9475705623626709
0.9962768961082805
0.5021668403194499
0.48339054149321536
0.9919247031211853
0.7744250105073054
0.23649636283516884
0.7806160946687063
0.8307526437804484
0.5953175706421866
0.8607352899298782
0.12450924764076869
0.8124641101130692
0.5589044543781452
0.8675837520871859
0.8078251289192675
0.7305206071053232
0.9972493648529053
0.393361960205948
0.9238258750068353
0.5444161209258407
0.7818191640319363
0.9452729761600495
0.9129358579715092
0.9677660961945851
0.9312127685640009
0.5590556828926008
0.8985114665258498
0.999672994017601
0.3489765817232962
0.9937495372512122
0.9988941443817956
0.7118885719572149
0.9953095217545826
0.967896968126297
0.701017281685311
0.25194915384054184
0.9219669327139854
0.9551382468027229
0.6344575061124156
0.7768249181409678
0.02430636528879404
0.74708089120395
0.994996534453498
0.09522098567039292
0.8896620260615601
0.4106809820427939
0.9935071468353271
0.3144223490221934
0.6970778699942456
0.9934729238351185
0.9940830767154694
0.9930088520050049
0.9182088012280673
0.9328270488315159
0.448612758572298
0.6794769677936155
0.5042631165997591
0.9955092370510101
0.7476099204272032
0.9712162017822266
0.11651455362637837
0.9887377482194167
0.10931005794554949
0.9691124145801248
0.0024006927466389784
0.9651929537455242
0.7898899180923009
0.9983262249401638
0.9527229879583631
0.9109621450048068
0.6803458781602483
0.9979907770951588
0.05596144124865532
0.9861083361837598
0.8246971849139694
0.7878066912293434
0.989857348902472
0.9870647117495537
0.6580181994164983
0.2573716635476254
0.8048300953101247
0.6843197479059822
0.7406480043643602
0.06627707369625568
0.7993100924560658
0.36612730107914937
0.9989869217077892
0.9660221748054026
0.8777456650171768
0.9987159004578221
0.989919900894165
0.9358573257923125
0.9914524346590042
0.938403559185099
0.9913379865534168
0.48546759573006665
0.46932349007693114
0.9864022185405095
0.9995072923208538
0.8518827711814083
0.08158359955996275
0.32588079323371255
0.4805340325726908
0.5718172540785289
0.843757802723202
0.9605751484632492
0.9921926259994507
0.11151608948906262
0.913292955268513
0.6943923905491829
0.5914198192767799
0.17260017183919749
0.9956360658009846
0.6824966600826501
0.4506062508793548
0.9275087863759837
0.7309881803611743
0.6391423708992079
0.9995884895324706
0.9156362134963273
0.8714015084505082
0.9911119292179744
0.800047755241394
0.918571274441022
