0.01221223749841253
0.9987583160400391
0.9525245941159401
0.3617841759373227
0.7088832502985107
0.16467573511441702
0.8231595487644274
0.9083070777262383
0.9611667171120644
0.5009515686920817
0.9571135284379124
0.9401281754175823
0.465957820172083
0.901977512140518
0.9935492163612728
0.9968727380037308
0.9975353343920275
0.968985194251651
0.6610063816725205
0.4915659533192714
0.8643288804556836
0.35220592211637847
0.1023564378940743
0.9531928300857542
0.5521683915576431
0.23381246737359712
0.8761395860749942
0.9950315356254578
0.6840543616372089
0.455279884612537
0.9712620228528976
0.6938386030681433
0.0364604924689047
0.9969365298748016
0.7999235506169498
0.9432252204666535
0.012893430356468474
0.6528439184443818
0.6521914742641254
0.2589569354279067
0.24033456884165016
0.9992475907007853
0.0032930159359239046
0.9974483599265416
0.7883237336690607
0.5229160107361774
0.9940377771854401
0.5773366793291643
0.9948392858107884
0.9771819578276739
0.9901143511136372
0.9991311497158474
0.004958956948636721
0.17597925662994385
0.6268670495853506
0.5162111583810585
0.4726195731823931
0.8201088296870391
0.9958378424247105
0.00599053199402988
0.3338540370731304
0.3596942649961015
0.9792212684949237
0.4797471890536447
0.13214073112855354
0.7588683995518608
0.48816098272800457
0.9970929467159768
0.8120214822993148
0.8344793737669532
0.4779367104719212
0.40177944461958337
0.4093889211531496
0.2757957702502608
0.9994953918457032
0.7679552184417844
0.5072613251395524
0.9812664290269215
0.5067327231401577
0.5140322776666532
0.2984777281195016
0.9100666660251039
0.2646484976368291
0.9905868545174599
0.9990565145716948
0.7864655039350813
0.9949735601743062
0.9744164794683456
0.7026528993334907
0.45805504488257254
0.9330950379371643
0.9960584430133598
0.491835588532815
0.7211088446072406
0.35742446780204773
0.9966178163886068
0.7984006064612186
0.23866315120628287
0.41375586172601775
0.14123281220700948
0.06466361321508884
0.1580105195541612
0.9995361231267452
0.9966667625639173
0.9965044409036636
0.9936711390813191
0.21920093704538887
0.7254923497814508
0.2452234458419116
0.35539864572574914
0.9873512461781502
0.9840694814920425
0.6950531016260832
0.942104697227478
0.01601116417441517
0.9912630961491511
0.022103712894022465
0.881015597627713
0.4994694178487407
0.6175507406393688
0.9992277581116249
0.7471569034803126
0.9931120276451111
0.5810556810264152
0.9944022536277771
0.35467468947172165
0.36590002570301294
0.9859977463881175
0.9549791779129958
0.827058570130783
0.9226577147402656
0.9870647117495537
0.6913089767408869
0.6914464420978523
0.9986813856022699
0.5065477449097671
0.7795926916102569
0.0017199968327380095
0.4302786908345297
0.7750287361156482
0.5269457241067559
0.5379694271832703
0.8244902451115195
0.9987066663228549
0.9922973215579987
0.9499753851156968
0.9947388917207718
0.48001387576509696
0.9870307317801885
0.42808530637176734
0.6446608596227386
0.9968835115432739
0.9984998169698214
0.9209293027718862
0.0015484921265548715
0.9669031997521718
0.350932174298973
0.9275069126067267
0.9023182052852852
0.9409746676683426
0.783302392353757
0.5136227716381351
0.5039075253192674
0.35572019778192043
0.6313945313294729
0.8115443140268326
0.9960363407929738
0.9986229601659272
0.9165009519395729
0.6896574407405246
0.4272887886780414
0.02935749011012376
0.7899398529951118
0.923865838956676
0.4868337208154844
0.9865314265092213
0.5080700953646253
0.9179792404174804
