0.8470594237248104
0.9955309703946114
0.9835447881902967
0.2303562820080616
0.9631106257438661
0.7846031648349826
0.9899072051048279
0.9277795518670853
0.9594638401435481
0.911355484724045
0.9985146224498749
0.9401281754175823
0.9087008272975006
0.7771616095227989
0.9915357884906586
0.9968727380037308
0.997285412116484
0.9761949209939866
0.7063752572867087
0.9865716695785522
0.6785662383005151
0.7110107542285996
0.586939883368359
0.9560100707140835
0.8743257103487848
0.7364942286163568
0.939612441736719
0.9925619860490162
0.9564393586276667
0.9959021111329397
0.9787931839625041
0.8821578720607796
0.41308065594057547
0.995878279209137
0.9950477878252665
0.9401701537685261
0.8421396292172946
0.9888984229829576
0.9398316608534918
0.6921550029533137
0.9559916887018416
0.9995249992325191
0.9945574928732479
0.996494397521019
0.9704037845134734
0.533307857811451
0.988987646996975
0.42902111690491435
0.9955603579680126
0.9993371731705135
0.9901143511136372
0.9990948935349783
0.9828378558158875
0.8725390036900837
0.807300655692816
0.8784007636400368
0.7477323865797373
0.9944757670164108
0.7853185931841533
0.9691635966300964
0.9163186649481455
0.8313165321053628
0.9831559477430403
0.9263113107946183
0.9799768527348837
0.6089369382547295
0.9958631566592626
0.8663702637195061
0.7825113174064124
0.8642960979088552
0.8293855246235828
0.8337944007082393
0.8923349661802473
0.7185854360644347
0.99949426651001
0.9639510393142701
0.6019027275033295
0.962083488702774
0.9381164739606903
0.957315703233083
0.8893965370953083
0.9993785529425648
0.9649008572101594
0.9922276193445377
0.9991431129830227
0.8977876505814493
0.9933486580848694
0.9737075790762901
0.7424315128810121
0.9662845776631283
0.9237533832589786
0.9529789984226227
0.9214369187767653
0.8592554792347883
0.020644871052354574
0.9981352090835569
0.8502634978469705
0.7990906988522815
0.823923734111013
0.7322683414369748
0.9861015677452087
0.8393656267569616
0.99699480086565
0.9916666746139526
0.9940830767154694
0.9909940958023071
0.409616172532825
0.9526735444863638
0.8295239952981078
0.9637107342481614
0.9873512461781502
0.9955092370510101
0.939962192090752
0.9932840963204701
0.9387578666210175
0.9916562575560347
0.7817277610301971
0.9817378658514755
0.9897125258165249
0.9655129909515381
0.9994938671588898
0.7695847889004502
0.9922071808860417
0.9325082387518266
0.9919501642386119
0.9979907770951588
0.9900459498167038
0.9851748049259186
0.4457816795494671
0.9584154444081444
0.7599987954255574
0.9870647117495537
0.991053581237793
0.7530228570836631
0.9990029420171468
0.9974293844266371
0.9957846204439799
0.9003246873617172
0.9443378269672394
0.9513102059180919
0.6503305717574054
0.5976690227309098
0.8707484138819078
0.9987066663228549
0.9876258571942647
0.9343724204943729
0.9982096811999447
0.8207661576529705
0.9919033348560334
0.7987882922636345
0.6902300058373887
0.9932035356760025
0.9991033955624228
0.7215266981880771
0.9545883238315582
0.9946744441986084
0.8420605504109586
0.9274435211316034
0.5549749527635868
0.9593550115823746
0.9990342330932617
0.11151608948906262
0.9411385980519381
0.9935109963019688
0.9813011183458216
0.7814428706963856
0.9967196683088939
0.9987733120268042
0.8650416322052479
0.8464754915750947
0.9214230100624261
0.81783859282732
0.9995386654680425
0.9163359967907044
0.5879404752049596
0.9953820804754894
0.9036613522718351
0.9105020036491062
