0.7881205255786579
0.997979499399662
0.8795532834016924
0.002648212597705424
0.3317277606576682
0.23991664457067738
0.9650527238845825
0.9190606211445161
0.5397517949368194
0.1080078058837119
0.9007611902741093
0.9260967195034027
0.49774257550862694
0.2894791388363437
0.9922316244670323
0.9968727380037308
0.9940921632867109
0.9511276767367409
0.4686339878535363
0.9865716695785522
0.9995649480819705
0.6041722553682947
0.27765058271148574
0.9560100707140835
0.616823035140092
0.01712940569656591
0.9526593297719957
0.9926123321056366
0.9614186719059944
0.33194077139099437
0.004435383918462321
0.46423252861655795
0.0054547230591362504
0.9835776090621948
0.9976891842153336
0.9432252204666535
0.7254524111747743
0.38611334392156166
0.4684741382006905
0.027254407317741425
0.061271879086840876
0.9996127949820623
0.07922051451853751
0.0005992238584440202
0.966939514875412
0.30530782268033363
0.9940377771854401
0.12647638502530756
0.9948392858107884
0.9976461595959133
0.9901143511136372
0.9991939895682865
0.001293742951626579
0.2089391065140565
0.5636537412929465
0.6512581835268064
0.3817861783203886
0.4204597541490026
0.13229935659546754
0.021291996585205197
0.5856785953665773
0.6744630131799954
0.9977786631295177
0.30104419254348613
0.4462638422846794
0.9995215822910439
0.5499588985528264
0.921717910339003
0.8367250707858518
0.7531378758630077
0.30978804243366337
0.1358247933145005
0.7724581724365377
0.7891057002772061
0.9994858050346377
0.7570236744359137
0.20447253136274718
0.9653836687405903
0.8652989968628391
0.11489527008961886
0.04672698516376494
0.7405200415779729
0.8274582460522653
0.9936924034898932
0.9938993743948036
0.005952608890809297
0.9921225905418396
0.9811091348528862
0.04663474377817832
0.005470453770473025
0.3216230195636551
0.9467973787994948
0.586161256666374
0.9673385106854969
0.9950834810733795
0.604559293703029
0.5946725875934741
0.06550231641237285
0.45499706276401414
0.42701815725936637
0.010202024054403108
0.6768876551184804
0.8614533483056407
0.9799706538518269
0.9392072707414627
0.9909940958023071
0.2612094215292018
0.0026026311542308475
0.015214543953525686
0.7748705580939715
0.9872030094265938
0.9929100126028061
0.7208486207295209
0.5755403352280458
0.0071585204762717085
0.9910372037153975
0.007254431489855051
0.6530099316285205
0.058811428396010716
0.7211119433244069
0.9994321136639035
0.9318229834238688
0.9922759085893631
0.9777449108660219
0.9919501642386119
0.0021987458239891566
0.004883103596512228
0.9851748049259186
0.955835284904859
0.769315573222497
0.8842372283935008
0.9870647117495537
0.9946909773917424
0.7596368597941667
0.9991219192743303
0.5221438607179814
0.5806747270127138
0.009669768420280889
0.7137131548719481
0.5085147001708928
0.9087075156258476
0.05473766167863056
0.8248841581080342
0.9973810773629409
0.9905488590399425
0.9419851165551403
0.9960633930952654
0.13584055958484453
0.12796986872083782
0.9971020906059829
0.06882712170375849
0.9090577413638432
0.9992432343332389
0.9297832823979358
0.5363058994213741
0.7037161141633987
0.04632926481728925
0.9275466317100969
0.9038095641572864
0.008764205616898835
0.993023232980208
0.4169064176579316
0.00920844570150207
0.5091216228126239
0.19054372500463881
0.9881403843561809
0.9967196683088939
0.9987013590963263
0.9268004759880049
0.9692857971743003
0.001511329495958213
0.002474781342243659
0.9995499755206859
0.9392511283880784
0.7818149692985962
0.009093859543402989
0.17693918916241577
0.9094119347058809
