0.8649979680776596
0.997979499399662
0.9983113336563113
0.619862680699533
0.9862258604594639
0.4940630575445958
0.9897218346595764
0.9363173711074826
0.9550020686971645
0.36606152075924914
0.9988195498784382
0.9592446962992351
0.889909313207394
0.616704388047635
0.9946028448286511
0.9968727380037308
0.9986656370915863
0.997760675571583
0.7358989816588849
0.9773278435071309
0.9992275876658303
0.72721360206604
0.8614901693424944
0.9389139251275496
0.9294159114360808
0.6474456214540018
0.904084124804839
0.9925619860490162
0.9990852372399692
0.9969825595617294
0.9809730052947998
0.795716519827256
0.8009636774659157
0.995878279209137
0.9960930864016216
0.9392901642454996
0.7949024524007525
0.9981331144060407
0.9343290767735905
0.8200416657817903
0.9653005140523115
0.9996246165699428
0.9900837049764746
0.9928453514973323
0.981976697078118
0.533307857811451
0.9940377771854401
0.5344123661518096
0.9936586750878229
0.9994782672988043
0.9901143511136372
0.9990948935349783
0.8077660302321117
0.9093757371107738
0.998995144367218
0.6820444430296236
0.9333991381738868
0.9932347337404888
0.7860474077363808
0.5837800055742264
0.8290404714643955
0.9992533902327221
0.9982414733279835
0.9205115189154943
0.9813232289420234
0.992884670312588
0.8626485850129808
0.9978335292442985
0.8492109409999102
0.8683473770988396
0.997393336560991
0.6929582020809902
0.8928403692428092
0.798525404681762
0.9994875064917973
0.9666906952857972
0.5956074794133503
0.962083488702774
0.9321086754036302
0.8659630119800568
0.9151576851921466
0.8746314486058206
0.9765005946159363
0.9930176409808072
0.9988416546099896
0.9758698855127607
0.9958307941754658
0.9737075790762901
0.7008819740283517
0.9599897036185631
0.9262164764934117
0.9404161753399034
0.989540662084307
0.9133415122826894
0.9920413643121719
0.9959968626499174
0.9944723196651625
0.8663779633512604
0.8936470604268836
0.8597150112359992
0.9940182169278463
0.774641527370973
0.9730475442484019
0.992017924785614
0.9940830767154694
0.9909940958023071
0.8848532613585977
0.9378429808550411
0.9978748120759662
0.9470841825008393
0.9873512461781502
0.9955092370510101
0.9466980450204574
0.9930109977722168
0.9387578666210175
0.9916562575560347
0.7817277610301971
0.9233729197428777
0.9860387058819042
0.9655129909515381
0.9991850830041445
0.8797803313604423
0.9525120165199041
0.9883377850055693
0.9919501642386119
0.9979907770951588
0.9896140396595001
0.9851748049259186
0.9647990081283406
0.9262233674526216
0.884275568927478
0.9870647117495537
0.9888125658035278
0.9562843042205915
0.9992118170184474
0.9977641126939227
0.9987995028495789
0.9003246873617172
0.9415855169296267
0.992544911801815
0.6282491705408603
0.5600203314366249
0.8493458403972909
0.9987066663228549
0.9876258571942647
0.9890091602618878
0.9957199096679688
0.8230855788572038
0.9939904723848615
0.9968592193391588
0.9958638332106848
0.9874875297149022
0.9995121522383256
0.8454230605720416
0.9883107940355937
0.9951205849647522
0.84440844394983
0.9275636158615401
0.9035467956474305
0.9593550115823746
0.9913688408476967
0.11151608948906262
0.4870809934694659
0.994321271777153
0.9987446188926696
0.8296807805697124
0.9967196683088939
0.9961426916875338
0.9300983521555152
0.9718997301933996
0.6963911853522561
0.44882055868108106
0.9995015913789921
0.866235208048142
0.7804554722829528
0.9946878651777904
0.9023915504415829
0.9120090191180887
