0.6687618941068649
0.9978673532605171
0.9926968898092
0.8509656177081454
0.9822074345179969
0.7755756484051555
0.9710586766401927
0.9280906595467103
0.9520124562938388
0.9922693456922261
0.9665891288469236
0.9514426853921677
0.9871880981055171
0.9982493615150452
0.9928461953445716
0.9968727380037308
0.9992291033267974
0.9859597211082776
0.7613867025758172
0.9899236460526784
0.9995749211311342
0.9964227420943125
0.8104550679298964
0.9765142419121481
0.926814148059258
0.8713222137755817
0.9372833163841912
0.991784264643987
0.999523606793634
0.9902746031681696
0.9639081358909607
0.8769325582709282
0.8058509745381094
0.995878279209137
0.9935836434364319
0.9389242807196245
0.8953382287706648
0.9897202253341675
0.8088301062583924
0.9255563485125702
0.9660244246323902
0.9948031533332097
0.9961836022489213
0.9950878769159317
0.9513942828545202
0.5805465765297413
0.9934766963124275
0.7223796106588383
0.9736396223306656
0.9991538524627686
0.9899011552333832
0.9817509816752539
0.9521950682004292
0.9314396580060322
0.9966073740612378
0.8693877401260228
0.9590954379858199
0.9878925730784733
0.8039726826051872
0.9647512286901474
0.8799929757912954
0.9995133757591248
0.9986766882431813
0.9715529431899388
0.995974491039912
0.9838478025048969
0.9956160426139833
0.9987118799110939
0.8156118487868904
0.8433249319517394
0.9897110859553019
0.8913747031564035
0.9422791489670354
0.8128547796358664
0.9940535596438818
0.9626280920846122
0.7163254121939342
0.9777732491493225
0.9098367577884348
0.9904105563958485
0.9034852469533993
0.8053537213883021
0.9193724393844604
0.9927315007556566
0.9138674097401756
0.9836512804031372
0.992623249689738
0.906112439930439
0.7123041726075685
0.9775219926467306
0.9254992827773094
0.9670887694639319
0.993460442338671
0.9800594747066498
0.9923659414052963
0.9985743083737113
0.9996179033208776
0.9935280958811443
0.8452757672948065
0.9974941033305543
0.9892708659172058
0.7052368982271715
0.9380673670093528
0.9916666746139526
0.9940830767154694
0.9827550798654556
0.8851353578707754
0.9473894851075277
0.9909000490841111
0.9652363035989845
0.9916403517127037
0.9932136237621307
0.9309578072380924
0.9094846447308857
0.9329705834388733
0.9934904254399812
0.8282036483287811
0.9807922289921686
0.9911205814434931
0.9636286695798237
0.9982262781033148
0.9996314011514187
0.8824707986786962
0.9455006182193755
0.9871394087870915
0.9979907770951588
0.9858461916446686
0.9361323051982455
0.9706221459881428
0.9983522436198067
0.968463659635745
0.9741534861651334
0.9289803206920624
0.8748859189725362
0.9260951708070934
0.9905470528385855
0.99662750462691
0.9407858749230702
0.8649368703365327
0.9946435506527238
0.9987051751878525
0.9815642283512995
0.8820654663722962
0.9972750879824162
0.8253634240892199
0.9043845626024098
0.993667632341385
0.9399537120945753
0.9892120852189906
0.9882121066252392
0.8659243818960691
0.9819782823324203
0.9978237533569335
0.9363301116100047
0.9817692041397095
0.994700700044632
0.883090196692837
0.9490222188564076
0.9162880354128902
0.952840119600296
0.9936264705657959
0.09974399333198865
0.924484068697149
0.9934055854876835
0.9984593073527018
0.9401658574740093
0.9956360658009846
0.9968673966147682
0.916380082257092
0.9758168720277138
0.9089855221100152
0.9752732927982624
0.9941674497994508
0.8835118697871537
0.9992926227194924
0.9952077617247899
0.9463093553980191
0.882497395460422
