0.8649979680776596
0.9969650357961655
0.9893943119049076
0.46288534625071204
0.9822074345179969
0.5010713554309824
0.9899072051048279
0.9297922594317545
0.48354262594754494
0.9527957785129548
0.9984329386993692
0.9122171133756638
0.8363828319615045
0.7681227288589332
0.994701478878657
0.9967878609895706
0.9988444582982495
0.9730132619539897
0.7702616604331594
0.9865716695785522
0.47542890777855834
0.3250617866134761
0.5754066404545786
0.9560100707140835
0.6168161059299914
0.6882548258950314
0.9344268620014192
0.9925619860490162
0.6461927133774118
0.9955026234189669
0.9883922537167866
0.8798240693588741
0.5808938667601482
0.9957830806573231
0.9964612364768982
0.9402896934188902
0.7949024524007525
0.9924131461552211
0.558978172610902
0.674347543555169
0.7206997967169931
0.9996127949820623
0.9684939384460451
0.9958958278099697
0.9260861754417419
0.2727583204396069
0.9919620975852013
0.06067739593397294
0.9947676128811306
0.9900855223337809
0.9829306900501251
0.9990948935349783
0.986520916223526
0.8725390036900837
0.9978140348737891
0.8876239703251764
0.7106188334058972
0.9906910459200542
0.5082857734523714
0.6539757698774338
0.6511248433574413
0.8457331289995857
0.6398401429105434
0.6372760967782665
0.672653368777699
0.99026796909479
0.9186828008719855
0.2105903963700471
0.8048738535393828
0.8211775562468622
0.9355004827181498
0.867361342686269
0.7222071197198239
0.859099437110126
0.9994098186492921
0.9741602301597597
0.5681746619132657
0.962083488702774
0.7989429277201583
0.957315703233083
0.9028190931098328
0.7400822255494186
0.9304982168333871
0.9903971010988407
0.9988480678626469
0.9071391338393803
0.9921225905418396
0.9737075790762901
0.6982411965369604
0.9634029269218443
0.9237533832589786
0.957685098052025
0.919929479883909
0.9698747363355423
0.9920413643121719
0.9953781813383101
0.2753115929213249
0.6534247805309996
0.8763939311611467
0.4492409936756303
0.988046536842982
0.76406130194664
0.7605229172510846
0.9919491112232208
0.9940830767154694
0.9909940958023071
0.40752692760101394
0.9378429808550411
0.7158590363534656
0.9554401263594627
0.9860116615891457
0.9955092370510101
0.9609949842095376
0.9680382510026295
0.9387578666210175
0.9910010191110463
0.7817277610301971
0.9880993515253067
0.9803095565122717
0.9624389608701069
0.9994657085492058
0.5748473647137871
0.9491442051671799
0.9842886198312044
0.9919501642386119
0.9979907770951588
0.989146888256073
0.9855750997861227
0.18350801390582036
0.34991864119233057
0.8757226679294473
0.9850682392716407
0.9851699034372967
0.0989831556408818
0.9992962917860817
0.973859503865242
0.6051560958666313
0.9003246873617172
0.9443378269672394
0.9277292065895518
0.4833026951592829
0.54304365398219
0.8944335915381089
0.9987066663228549
0.9828541378180187
0.8549227803945542
0.994523882865906
0.6265387957279136
0.9919033348560334
0.39803477254705893
0.9980440829929552
0.9927085240681965
0.7372208653832785
0.2486480370173674
0.9883107940355937
0.9881675342718761
0.6459922496645817
0.9275636158615401
0.1701345631532604
0.9593550115823746
0.7983817920850759
0.1682850147287051
0.4870809934694659
0.9918481787045798
0.8244869991120889
0.96780260403951
0.9955793519814808
0.995504595731434
0.8639123816309231
0.35876715423676486
0.6915094710749274
0.2756390364160516
0.829960104199065
0.9036671305565456
0.9989112615585329
0.9953820804754894
0.9210040320952733
0.9120090191180887
