0.8629778573910396
0.9980627223849297
0.8613816232339014
0.25474646664224565
0.7968194053741173
0.08024849072503655
0.9271150032679241
0.9403575427298035
0.13202954748703633
0.24804266396386088
0.9348336336789309
0.9264921347300211
0.6869173316081287
0.6795905691163041
0.9951818925993783
0.9968727380037308
0.529212758061476
0.9101548386471612
0.5189663613994565
0.9773278435071309
0.864105882668148
0.4767948704247829
0.33426349375286707
0.9308533295989035
0.7685528472065926
0.7484919500847658
0.6724272901425139
0.9925619860490162
0.42012425561536126
0.9938168476025263
0.797373965382576
0.7113675072903954
0.10477941343560815
0.995878279209137
0.8940521756807964
0.7286450693345008
0.7496993456568039
0.9884360074996948
0.5091353751098117
0.32902791982087365
0.40755301994310383
0.6663379132417807
0.33019095146612804
0.3913171786763188
0.6503508400458554
0.5662635763486226
0.41718474961817265
0.5572252598358318
0.9936586750878229
0.790008794893289
0.9901143511136372
0.9990948935349783
0.3012456813206275
0.9326920509338379
0.7299496008000509
0.2991605644929223
0.5304863230690403
0.6425013533896871
0.6642489180085249
0.4789379802532494
0.4504586743811766
0.8076843184098834
0.6693333504249799
0.83050003479695
0.457382008433342
0.5381266337734324
0.19196252524852755
0.565304434888094
0.7040032259554008
0.20777795174105376
0.707630053990417
0.3862047575783673
0.5062573090193945
0.34467445205276215
0.5992000628294509
0.8811096221208573
0.9342030336459477
0.2626563260952631
0.5963926153072743
0.613530919731905
0.49952814002649065
0.4503799536638932
0.22086727832044875
0.9930176409808072
0.5871231537737187
0.30397425384615506
0.993186245361964
0.009609586209990084
0.6865131413170065
0.5041161689620751
0.916453539704283
0.7815212138146828
0.11703019931779378
0.5998382375883617
0.9941701740026474
0.7187255296029386
0.5031452058630277
0.4838861842211338
0.3114792167723767
0.3694886242974866
0.9921679000059764
0.23499487588504472
0.4844274971259562
0.5837997930745283
0.99423947930336
0.9938401579856873
0.5041506751440467
0.9568100836541916
0.7235587607084941
0.41476392663282563
0.986410565674305
0.9955092370510101
0.5335319444591947
0.04007722142462929
0.9192716479301453
0.9874081198985757
0.3614860698580742
0.9497844874858856
0.4970519744161078
0.17434774956200272
0.8643552897651913
0.5409855564659944
0.946649829191821
0.39654038539257547
0.2477527304824131
0.9802980224291484
0.9896140396595001
0.9851748049259186
0.84190698326417
0.5902634502563161
0.9674866263722549
0.9870647117495537
0.4915209658130253
0.6347096757400086
0.8806172764161602
0.38389649918596996
0.5257184165308163
0.2877135928073484
0.4204452198464424
0.8188616518790904
0.3738680093704413
0.733926579929315
0.7831098033522201
0.9983769196730393
0.9576861361662548
0.8371578067541121
0.9958221256732942
0.41539266963705174
0.4801227475347167
0.32794169457648187
0.7331638157081144
0.6630643687935339
0.9989494247870011
0.598857104134125
0.47783951500605326
0.530651164551576
0.3179044106116635
0.6337648366514423
0.6190442245560916
0.5816191680108508
0.9098138894353593
0.042657887718329825
0.5702717193053103
0.11341337269792955
0.540413251506192
0.9836922983328502
0.9967196683088939
0.4556900110833339
0.7982700080610812
0.33323352407137463
0.3565542006081159
0.3630686112984011
0.7998539587374818
0.8900738279090115
0.43968650188297037
0.7914154032866161
0.7243136447543899
0.6931976263294928
