0.999999995
0.8309649450216995
0.71509551672271
0.5267183424028138
0.8185338314730048
0.4981574519312018
0.7917060802021694
0.6768219995366105
0.6917760268935356
0.6702289073515486
0.6279239933775483
0.7232273100908491
0.6279089171232692
0.4934723893906849
0.6263998210104048
0.9325251586636575
0.6729569913787299
0.5252934278344805
0.7037361448299009
0.42371786524249594
0.7552823730052358
0.5562002541701638
0.614366395581875
0.6329502669025593
0.638822321897374
0.6726138949599978
0.5289392270588883
0.999999995
0.6859539935891316
0.6002124832132449
0.32657596297274516
0.4947561726389414
0.3979458444479516
0.6204832654417595
0.5259597879853253
0.5981678467786506
0.7708084146461923
0.8570191938152096
0.6700303643680913
0.5393394900221709
0.823327702838884
0.5470787109434766
0.6071394847569971
0.6210248464965604
0.6557823815455425
0.264732345114837
0.8463307830775989
0.6256641381551364
0.6420865201072513
0.5987157370821609
0.999999995
0.9632774379557555
0.39999999520000007
0.7160402400180798
0.6993623240330162
0.7411742503122628
0.389353326185584
0.7744903396060239
0.6719518225220125
0.7607590710403042
0.8162457780661964
0.6720231209108433
0.6526153356139255
0.6165676233506532
0.43843332682665703
0.7975050217081248
0.4324355623318233
0.7110062819771988
0.42977969879685723
0.4288732201231007
0.7561286604564574
0.5731957216138863
0.5310667494662568
0.552705212133739
0.5486010295523771
0.6369502512203237
0.6583380944236846
0.7645052545306263
0.42766187632414826
0.6108370611102656
0.5197364355067278
0.6152438509646678
0.4386218257126431
0.7425859095127608
0.1805174222169623
0.6071242705641261
0.7457697569723433
0.702741984554727
0.7138030201196062
0.6989042032242998
0.466323492895419
0.41672308747009934
0.6952022152081027
0.5743952545772006
0.733070834733472
0.6059558345415371
0.6803792224794118
0.6569414418803251
0.7159086662990436
0.6790152491350598
0.7607921742854971
0.5573227627906145
0.5638868972155684
0.830306481855065
0.6294374445951242
0.7392662042588207
0.4975926162845685
0.44896794641555476
0.6026391107673322
0.4944179593866106
0.7474476735971488
0.8186989262709057
0.6103004304409265
0.5076714602747027
0.7222998910144052
0.6563561634719585
0.37066820585005367
0.7190153046780071
0.43184153749818066
0.7213841744105903
0.7763035032014203
0.6204724466921321
0.20132699919012667
0.4800206395041374
0.8063999140128316
0.9325251586636575
0.999999995
0.8076355910238311
0.7430785051807057
0.5053315076544747
0.47734956361175424
0.9022559567314917
0.6528554081782736
0.7218596507519016
0.6213239419227988
0.678424322744964
0.5126717779198932
0.9093998593853694
0.21733058574391714
0.5937660649803042
0.5881162931960744
0.3775678610563322
0.34754018743798576
0.7288248276461257
0.999999995
0.48708417848410773
0.6922382164836703
0.41356171515732804
0.46246048948944185
0.5290790077218429
0.7012221305413231
0.27899939645357713
0.7236172225284173
0.6314787234339869
0.999999995
0.6373604583674752
0.5484992032501865
0.8349632843438982
0.7278540612325496
0.5677480601174466
0.44678084503961585
0.9096833789479829
0.319669337800264
0.7289048130356891
0.7407769376499411
0.4985250414540269
0.8284271198933765
0.675409836596244
0.8154265584381797
0.7238759653928877
0.5050441399982784
0.6195657202098726
0.7171125240253071
0.5732265921791675
0.5595611461472706
0.5749321595098118
0.6116118206265021
0.7363764867114448
