0.7222468608446276
0.8057326850936305
0.5783926530433481
0.6575131106921139
0.7399348237536957
0.3739185287786352
0.7181107126487907
0.5265534688125387
0.22482837716261853
0.6417600128611254
0.6267511535740957
0.8311436158312625
0.5645772287495484
0.3276583729986489
0.389705858681973
0.9325251586636575
0.6402146321420049
0.5377231906748718
0.5761387037848038
0.42371786524249594
0.5808912109863749
0.5988455860565199
0.7979524110369283
0.723925246922218
0.7458404919565195
0.7379583804227068
0.5831517392090463
0.8309805752935852
0.6859608511716132
0.4465941911760362
0.5047100439186477
0.5095088630140394
0.15384615124260356
0.6087521372285752
0.5600646476658152
0.7517757674874811
0.8249826433102476
0.5337039910921594
0.7163266981142448
0.3706393278138106
0.37918927913704065
0.43093664063258613
0.6045339675319334
0.7829951997458454
0.5236623010672123
0.40906208125270094
0.999999995
0.6096116422923735
0.7826807689089564
0.0
0.999999995
0.6434858307046338
0.18181817884297521
0.8378194492632703
0.5387428548814407
0.5848207456031311
0.6475104935838775
0.7287808784413429
0.3127751628552437
0.888337655663509
0.7251883296131305
0.7223738108266586
0.7323146214378508
0.5659473965362074
0.4094704977096258
0.7341612814408234
0.35306267281061066
0.7600751469495908
0.4132818766616211
0.5157825416639991
0.531547848929834
0.5528641528854916
0.4683623306478389
0.43537659817773866
0.438153098242328
0.7551537387057629
0.48370423492596054
0.7179892674480339
0.4203546662033365
0.6060987687724542
0.6285385002782611
0.6433767174324345
0.388564504773311
0.6564736670844136
0.27148001027745117
0.4835993155512841
0.7457697569723433
0.8219574097142757
0.7287808784413429
0.6838340865289164
0.473914989433056
0.32380665192933683
0.680454951268116
0.5976688428124033
0.4228470983691513
0.526481336078812
0.6572054615025403
0.7419286588519542
0.5687709069501544
0.750615144597917
0.6232213485761972
0.7020176891174624
0.6936595914459969
0.7594874992494599
0.999999995
0.5758145367249446
0.3288870812332698
0.4297315599969111
0.5101843240096057
0.5428029270214341
0.7856946578995814
0.7648762490332506
0.6010476791722296
0.562465689893742
0.7233343218817447
0.6206993206950779
0.590818164067034
0.7025151127794654
0.47443428689142003
0.888384881842724
0.7218599865097474
0.6171565992683352
0.46280046416554094
0.5157825416639991
0.41052763280417726
0.773045844034762
0.999999995
0.7971172098263166
0.7682308007122896
0.4393369860554788
0.5098717370243254
0.7519956780855541
0.47751103875611567
0.7760757421956977
0.5695523389403951
0.6882749315135414
0.5497401400204885
0.5803077301846445
0.3561567189500065
0.6844760676376626
0.7900279329267746
0.7243795864630875
0.4610143566624501
0.5084246168355877
0.6952259933173005
0.7589495649539948
0.35960271526520254
0.4179557625479986
0.6326516506355653
0.2803191010847446
0.41571800091684413
0.5733696370597902
0.6304239777985629
0.6177553326073345
0.7675136742732801
0.44100598020272147
0.3143540029161561
0.690109501575233
0.7858207450820912
0.5579903002543211
0.4806883305465471
0.264732345114837
0.3673823799328461
0.7489305918031927
0.746361660010201
0.6657061048774481
0.3146693867134748
0.6971456114879273
0.6387584948880177
0.6788184848985668
0.32558287843373773
0.5059961997241594
0.7306340573558127
0.5536074201797587
0.6652067426913083
0.5558203266405444
0.5404705758804572
0.750393288398773
