0.7222468608446276
0.8057326850936305
0.572058095689557
0.47969463940409396
0.7399348237536957
0.30848034781769623
0.7181107126487907
0.5265534688125387
0.22482837716261853
0.6214805620607942
0.6378421526203333
0.8072279753925831
0.6402632218973668
0.3152694441555097
0.34579034486306115
0.9325251586636575
0.5586602978639098
0.4496634514875085
0.5761387037848038
0.42371786524249594
0.5900440120237841
0.5988455860565199
0.7142698241046899
0.7301087182706382
0.7458404919565195
0.7379583804227068
0.541773571043442
0.9640552284889994
0.6789372901012998
0.4465941911760362
0.5047100439186477
0.4971256017754936
0.15384615124260356
0.6087521372285752
0.5600646476658152
0.7020558733517247
0.8249826433102476
0.655172409274673
0.780891903517106
0.3521773349038435
0.37918927913704065
0.43093664063258613
0.6045339675319334
0.7829951997458454
0.6958749287289471
0.4693270763727044
0.999999995
0.6096116422923735
0.7293106359861218
0.5174385278295708
0.999999995
0.6434858307046338
0.18181817884297521
0.8378194492632703
0.6113729717949241
0.5848207456031311
0.5016187844979162
0.7735386981734708
0.3127751628552437
0.6173335421571713
0.7251883296131305
0.633491809918667
0.7182603186668556
0.5457987667337438
0.4094704977096258
0.7456980600700128
0.35306267281061066
0.7600751469495908
0.4132818766616211
0.4829495143411579
0.531547848929834
0.4639499999557789
0.4746144221035781
0.43537659817773866
0.45000243596723216
0.7551537387057629
0.647992046889026
0.7179892674480339
0.3788541335144035
0.6060987687724542
0.5913982768780377
0.6249322317882688
0.388564504773311
0.6564736670844136
0.20956547703379566
0.4366286055462626
0.7457697569723433
0.8219574097142757
0.8239479770935391
0.7136695500582222
0.4962087262208585
0.24474474696226564
0.680454951268116
0.554821931979381
0.4228470983691513
0.4429536881434266
0.6233731718470489
0.7459524766533457
0.5912472590379895
0.6786563088537334
0.6232213485761972
0.7020176891174624
0.5687963703537222
0.830306481855065
0.999999995
0.5029280633718375
0.3288870812332698
0.4297315599969111
0.5150745235302084
0.5428029270214341
0.7371410574679885
0.7648762490332506
0.6010476791722296
0.7013507480125123
0.4221014201795676
0.6206993206950779
0.590818164067034
0.7025151127794654
0.47443428689142003
0.888384881842724
0.7295175990089008
0.6164272899852108
0.17372842528409743
0.4829495143411579
0.41052763280417726
0.773045844034762
0.999999995
0.9729949999584793
0.7682308007122896
0.4268642772945613
0.3821247500544734
0.7838760204065839
0.36153055032376546
0.7843790942417571
0.6323231780985181
0.6882749315135414
0.4364506439554888
0.9093998593853694
0.3727942682878346
0.6844760676376626
0.7900279329267746
0.6143769950605352
0.4772810916944526
0.5084246168355877
0.8649876418346442
0.6911827476813883
0.33137426152747673
0.40566498565076053
0.5508061581240516
0.2880680462943766
0.6300022851435828
0.5733696370597902
0.6481733429589775
0.594524353227277
0.7675136742732801
0.44100598020272147
0.29650781510801005
0.6637203308950923
0.7858207450820912
0.5579903002543211
0.49503979301519685
0.264732345114837
0.3673823799328461
0.7489305918031927
0.7389604776562693
0.4389277222926552
0.21446150034712055
0.6971456114879273
0.6387584948880177
0.6168450067873242
0.3309535658358461
0.5412253184768945
0.6518856145534027
0.4998673701292379
0.6652067426913083
0.6242513012726056
0.5404705758804572
0.6844318212226449
