0.968899737406664
0.7772597721290836
0.514539822192645
0.467979792044629
0.7430054185166056
0.5604369784797713
0.6993894146010164
0.5002405953050025
0.4951175080671133
0.5998906077967714
0.7360814745337979
0.8498878088364699
0.5913545833545212
0.29801432040373343
0.6381235477309409
0.9325251586636575
0.6051420908323457
0.4528233421800454
0.5216858850165099
0.999999995
0.5610001694541878
0.6298066654595369
0.653113996854359
0.7068286578193528
0.6908875788702583
0.6726138949599978
0.7427379903997691
0.999999995
0.6258638632956728
0.47211257547923235
0.32657596297274516
0.5558579523455149
0.8498983026309587
0.6204832654417595
0.5333716463367468
0.643077364797633
0.5929094267766077
0.8570191938152096
0.6246028665457691
0.5815333752633556
0.7849040498415073
0.5470787109434766
0.6916351658673501
0.5518833821707438
0.7319467241867418
0.44562840386064395
0.999999995
0.7064155822221255
0.786580558253918
0.7759389760269305
0.999999995
0.6398640569404219
0.5034315866701785
0.6668535737836776
0.4714026689681614
0.7411742503122628
0.5597063901640702
0.7285586244263429
0.22913772911377442
0.7607590710403042
0.6808760784509116
0.6161433320223769
0.6085919182991465
0.5052138715337973
0.4792729281494154
0.6743965944525063
0.4133166490238179
0.7573548869521632
0.4507162389830225
0.4894759286971093
0.7299593466648412
0.5496837955074725
0.5073212963298618
0.6414695475979737
0.5615393753960453
0.6698243611671971
0.5650282410735784
0.7645052545306263
0.46128390536790537
0.6083956116827917
0.5621457124093716
0.6028601707328886
0.5351571179184123
0.7425859095127608
0.5526364202409719
0.5561538251641722
0.7457697569723433
0.31857692389836084
0.6449419736798212
0.6721167750764808
0.466323492895419
0.0629375371703133
0.7319573086681153
0.6825395970609169
0.9325251586636575
0.524013863272613
0.588183935039797
0.5182228509615175
0.6015458124067428
0.6235929481430482
0.699302179233891
0.6006950483909856
0.640868286914304
0.8460619819336335
0.999999995
0.7392662042588207
0.28860915400514653
0.9171737372987254
0.39631682949040703
0.476723927735841
0.7851826216595986
0.8186989262709057
0.6211450947492918
0.6294256738886663
0.5677480601174466
0.7032103318462166
0.9301618968131272
0.6723978683922999
0.5247734240445253
0.6969581636492443
0.7167735776990852
0.6331997817139491
0.13680862006694602
0.4800206395041374
0.8922107420750495
0.9325251586636575
0.999999995
0.8712097848777983
0.796567661910887
0.6766992930494743
0.6097149299608923
0.9022559567314917
0.48894716329411636
0.7698511400997304
0.5766660703043676
0.678424322744964
0.47791485481132145
0.5255972150451563
0.2589035267281856
0.5888712531788567
0.6620442175633758
0.5083599168320677
0.3678672132411761
0.6257872679001085
0.999999995
0.48708417848410773
0.6922382164836703
0.45241320766325044
0.5623738112317668
0.5007429554308293
0.653925472828403
0.2635412073827215
0.6715651955657751
0.5761949927848012
0.999999995
0.5349811475763937
0.43519667479631075
0.877874239529169
0.7211596012486943
0.4464733677828971
0.544870991153786
0.8530867592060467
0.2984982553104512
0.8050455554086426
0.67956141930279
0.37964337804060533
0.5690115915374795
0.6626977039831887
0.8154265584381797
0.6735691924335129
0.5761952815160124
0.5178245382671642
0.6925002325466468
0.6504675369242122
0.5434002475320406
0.6123155441170262
0.6638844360834938
0.7939489807761365
