0.6774954441752871
0.7772597721290836
0.4095680817310458
0.5582895695724385
0.6920976367514492
0.3425702131403776
0.6374822866818771
0.652482623051967
0.521321391391206
0.6029597172139829
0.6742944380953751
0.7935572963751271
0.6935902928077423
0.3263568450353373
0.5728189711564197
0.9325251586636575
0.619328759902601
0.17076751060452178
0.5323414181426852
0.42371786524249594
0.7450360514759989
0.41782206868862154
0.27904283861721924
0.882690842070037
0.7965252579430194
0.6900941529223729
0.35810956952218825
0.999999995
0.6924627561871027
0.47211257547923235
0.32657596297274516
0.4908799641561338
0.8022557155350823
0.6204832654417595
0.5337177736966212
0.6583060806660809
0.6347849434840898
0.7962181505483817
0.5652761104757086
0.3840832877788864
0.6521845467174459
0.6071604169181548
0.6630065534462252
0.6379912912536663
0.7460691947408837
0.41835846253595077
0.8463307830775989
0.654742067150207
0.786580558253918
0.6852389233843875
0.999999995
0.8314212917052445
0.31745264133445267
0.6668535737836776
0.7032356521468065
0.41332028247494257
0.44710772357361545
0.7075810243591751
0.3525313925086964
0.6652958236190355
0.7588942424446972
0.6069549624931782
0.6052007839955389
0.41769659637118295
0.6696232900140547
0.6926278418069068
0.25873749423393555
0.8032495113184105
0.5562589638590623
0.5014367787464321
0.6903121838348065
0.6226323285224085
0.4532549722916143
0.6658711349189668
0.5370888783704301
0.5530447196040212
0.5623628628202046
0.7923423996946245
0.5324520709719717
0.546053489986607
0.5451095558839565
0.6336761193448447
0.5147416721513238
0.7574750800120593
0.5625566994055342
0.3820002952130953
0.7457697569723433
0.7681408430688349
0.801766407306902
0.6800166592487361
0.8279909278455713
0.45420631695035607
0.7368050085450397
0.7603219279002155
0.9325251586636575
0.46454839409115284
0.6722115964638468
0.6075812205059594
0.5313778788949437
0.34235549536735016
0.5577519602050091
0.43920445777125827
0.582512818729506
0.8460619819336335
0.999999995
0.9192486445816522
0.3228934700055326
0.9171737372987254
0.44961259091975647
0.5562308126621808
0.7720586283720564
0.8186989262709057
0.5980819473548842
0.5760597861783276
0.5677480601174466
0.7032103318462166
0.9301618968131272
0.520282303672188
0.5480965607013699
0.6969581636492443
0.7309253373706174
0.6869494844675393
0.16690965937180657
0.5889152970823858
0.8922107420750495
0.9325251586636575
0.999999995
0.8076355910238311
0.7567832086146047
0.6709911526721606
0.5646314140399311
0.9022559567314917
0.6528554081782736
0.7153142695909112
0.6402524857258476
0.6354574295175595
0.4873434673595829
0.9093998593853694
0.2589035267281856
0.6042146001800667
0.6488975511088365
0.4939739476679485
0.49920699102666793
0.6442895360286335
0.999999995
0.5933428019237773
0.3122513304542963
0.3981965997079373
0.4963217771049168
0.5576139613092715
0.6452603017624416
0.2635412073827215
0.6932185988194853
0.6105748827732417
0.999999995
0.5681832165937352
0.3338862386207357
0.8283605507607693
0.7754301036095843
0.44221476847277885
0.4969398978142139
0.8530867592060467
0.5727203721329381
0.6539761299587745
0.6176497841429518
0.27893651479420334
0.999999995
0.6626977039831887
0.9228648725870644
0.6662593512302182
0.3978365802198627
0.44483154749976955
0.7393967945551816
0.3636462357047578
0.6024596274790627
0.5749321595098118
0.5385130200740892
0.6507551327439168
