0.5555189329483206
0.8161191975921082
0.7355661484003313
0.6595269986137876
0.8426342720845265
0.6525490667695263
0.8634954026489112
0.672275863648448
0.5005619218516574
0.790343635562545
0.6345127175184475
0.7250452411766911
0.6817616918789056
0.7641379704463639
0.4867151418460744
0.9325251586636575
0.6292726461892082
0.5169207793793623
0.672846556491602
0.42371786524249594
0.7448843417953788
0.6259065086878326
0.6591494033081624
0.6852638215766843
0.6503336196192001
0.5358533520898306
0.6112160137046966
0.714596378296737
0.5772157379092389
0.5997006919791021
0.512109863970823
0.45876604241761915
0.8149519389568047
0.8802671152645807
0.6162912252684813
0.6577283287055076
0.591770485706688
0.5535067667378464
0.6721476607388147
0.6335170398721013
0.7878847396588557
0.7140769589111537
0.6345684787628455
0.6042580867434001
0.7460691947408837
0.5067106155355448
0.999999995
0.7130125080713045
0.639807478302926
0.5940100266672644
0.999999995
0.9632774379557555
0.7640802354963755
0.7356247629346822
0.7262096540742922
0.5465915390089573
0.5382323753410103
0.7226925144432779
0.44958648904674775
0.4739199547384651
0.6895992241556553
0.6519073654411243
0.6758800194250749
0.683285097991661
0.6238954039725358
0.6580999369203704
0.6143515304046475
0.6419088244670922
0.5736394245067133
0.45445151188984506
0.7937381810136306
0.6376371501964545
0.4966548194895732
0.7356829804374804
0.5093456391791307
0.8149519389568047
0.6523184835861008
0.5961112883342486
0.3505680124051399
0.6965967911351187
0.6029571587477073
0.5770032743559299
0.8718841717099812
0.620462269288772
0.2900052491754631
0.6267978726021506
0.6990050307271164
0.7588814625828936
0.7585525431676009
0.7567664399037991
0.7522797310308678
0.5497214079768058
0.7224185678303957
0.49169178362611404
0.6267843272862731
0.5490299192675372
0.5991541886758169
0.563001555603295
0.5077493758453624
0.6817959748607345
0.8285840081917887
0.46374137103927365
0.6120918367305972
0.8225237121977924
0.6294374445951242
0.8059174669984688
0.7461136116792583
0.479538506104445
0.5815750227480286
0.49017061626887254
0.6641674611514067
0.8186989262709057
0.5202215181376332
0.5760597861783276
0.5677480601174466
0.7231473934021789
0.6645888638040833
0.735894431687678
0.5497079488625043
0.7213841744105903
0.7130287997904113
0.6433696821762211
0.2408155243830152
0.5626122735175094
0.8063999140128316
0.9325251586636575
0.999999995
0.8076355910238311
0.7865892119816678
0.6003673759087984
0.5119741912291583
0.8636079415459346
0.5732595511842409
0.7189126632852083
0.6935599272455157
0.5933799830801616
0.5586591426394867
0.9093998593853694
0.1714502011874421
0.7460691947408837
0.546443515487253
0.35798819695918105
0.34931126960666947
0.7288248276461257
0.8649876418346442
0.46464462726645767
0.6044901542784846
0.3152904758331123
0.45402430532438
0.4979443389866148
0.5811521982808681
0.5586591426394867
0.6645904553823649
0.6019472337831496
0.7918738430118354
0.8753767125288032
0.7149463881268734
0.8514012795661193
0.6870345586470826
0.48041492881003334
0.49846189464940316
0.8530867592060467
0.2984982553104512
0.7081669517175283
0.7200434694428087
0.5555189329483206
0.5690115915374795
0.6521012858362958
0.6201693804143114
0.6685475876332947
0.6247123709534802
0.5990619143673075
0.7011338595997121
0.6543300818350121
0.6476915413634583
0.3365814576889854
0.5908430652801009
0.7809588423716252
