0.7769283526205185
0.7585915010356813
0.471010365537204
0.8100726588226571
0.9356933557992834
0.6849149799270027
0.9072006579032097
0.5103977258191066
0.43262104264512696
0.7591420876941534
0.4324053311563073
0.6883415243710921
0.5878506344172957
0.7678400621921372
0.45731269830362886
0.6330954478069368
0.6268256400682245
0.5528047734392777
0.5266713503697735
0.5760597861783276
0.7337260799825662
0.5202422914350283
0.7540469855952807
0.7679606496309236
0.6999326854499309
0.7184063657579318
0.5162909818114849
0.999999995
0.6525490667695264
0.4930399390390676
0.30963837760884183
0.42334421099450653
0.8498983026309587
0.8802671152645807
0.4899845597390788
0.7194535181317572
0.8249826433102476
0.6387584948880177
0.721900478910256
0.6021849450157967
0.7427401647574875
0.3243982681483523
0.5747552693949706
0.7434096796079208
0.7127463313462786
0.6030300340837194
0.6778235901185843
0.7442889402537477
0.6498346765538826
0.3716385282866275
0.999999995
0.7408831666302527
0.8357653437351521
0.8378194492632703
0.4788831039353184
0.4874311468538587
0.46343736046602607
0.8152337238253697
0.5738081370725365
0.4228470983691513
0.7135176643484502
0.6311134793879615
0.6260665581844408
0.6323575506916082
0.8914544575725022
0.6533393549536554
0.7656802928389292
0.7710975525846845
0.312294623730335
0.4365448349468713
0.7442889402537477
0.49710676403714965
0.4023602962382456
0.8388371453504189
0.30060925386120896
0.8769661969991988
0.5036414063076496
0.7179892674480339
0.35087118140686974
0.5337410678908875
0.5660602851554364
0.5229122875068654
0.8718841717099812
0.7804319539704089
0.2274122583274775
0.39722314169976897
0.999999995
0.8057226046547121
0.5819259139975436
0.7703687405067849
0.7522797310308678
0.6376759106156126
0.7253561166091419
0.47417333130002975
0.6775782478953317
0.5382841585546831
0.6298851434680153
0.5696807733687126
0.4781932183020699
0.7024340942067995
0.7505002172902463
0.5941031328468311
0.4959308580078589
0.7297065751581193
0.999999995
0.6455082617493296
0.6746281417444583
0.6481940037183761
0.5814471060649808
0.4982824472120524
0.7318837134553746
0.8186989262709057
0.7148610585323046
0.5805440998482299
0.7222998910144052
0.6838614895551646
0.590818164067034
0.7037568690817068
0.4711436753765016
0.7179892674480339
0.6357150167912013
0.6268126934956277
0.10196864161675143
0.4487005682113987
0.5337410678908875
0.9325251586636575
0.8723681570398095
0.8464526158234933
0.7560855978363265
0.31265196147862645
0.49097899205383244
0.911257266764769
0.4164348875702455
0.7225800513430004
0.5814297514575865
0.6443336971399561
0.4689268870440081
0.5255972150451563
0.1886975307899173
0.682285130757109
0.6720921534674282
0.4832285726293327
0.3164965065098679
0.616521046023784
0.999999995
0.6065408878879175
0.31007174538378585
0.38502783951585023
0.3762346851454635
0.4231389798951107
0.7897361321603844
0.4832285726293327
0.6875134129414839
0.5856604429641921
0.999999995
0.8812808236146401
0.7808398087243996
0.805184402062966
0.7356978622245017
0.5677480601174466
0.40963306295229895
0.49659828507283493
0.7769867736406484
0.647760957449296
0.7298042128784217
0.7914860666872487
0.999999995
0.7038724136078098
0.5232827928781981
0.6503451869558154
0.5633137557389117
0.7433383359740975
0.748346081393976
0.43935569237371597
0.5969186709778792
0.3444761072534199
0.5125769069937649
0.6060868590626534
