0.999999995
0.7559829122767032
0.4693026399532927
0.6197677727914279
0.7752604192977434
0.43580395323556714
0.6374822866818771
0.6336885963325135
0.4797231778308689
0.5473200715538167
0.6186852516347924
0.8498878088364699
0.6306055953608163
0.49975119901843884
0.6381235477309409
0.9325251586636575
0.5173007763063174
0.5988321193852746
0.7808682484463817
0.42371786524249594
0.6610235996728326
0.4562487040437514
0.5048869266648643
0.7068286578193528
0.73096992578596
0.5358533520898306
0.5711205264310637
0.9640552284889994
0.5695703942451068
0.5750475901538742
0.512109863970823
0.44708025117329137
0.7064603059400844
0.6087521372285752
0.5279874356363676
0.6662598854339391
0.6060868590626535
0.7523245704965754
0.5812092769647406
0.5006971972930395
0.7213648348436429
0.5112804857349319
0.622983747685107
0.5776044220172702
0.7642315222122401
0.8290829861907583
0.8463307830775989
0.48522999478404766
0.6420865201072513
0.6858395609990215
0.999999995
0.6747777320945291
0.39999999520000007
0.7548287361209802
0.7866668308427178
0.5125769069937649
0.5534781709847673
0.7114716926387589
0.8530106824516378
0.47464069432217615
0.6692559139881298
0.6043828851316535
0.6036939424598902
0.6026977693667543
0.5100564206441638
0.6398338724524432
0.3000997620089354
0.7337195587906571
0.4300555789156287
0.39401072043696345
0.6547474731578999
0.5376463954594174
0.5240100843717852
0.5913235108948836
0.4503047486624228
0.5015965616556176
0.7008944115706289
0.6986520609123417
0.5714084537161679
0.5798799542327804
0.5357702064247654
0.7108147611524412
0.4386218257126431
0.747696166733482
0.4623191494201029
0.38692717188131437
0.999999995
0.702741984554727
0.6795976658175389
0.695500774766984
0.466323492895419
0.45056231861753243
0.6725387819542331
0.6234927371247264
0.9325251586636575
0.6451818132386544
0.660780367564135
0.5948790674936568
0.5722107385868608
0.459985969618141
0.7607921742854971
0.5497079488625043
0.6152817674844318
0.830306481855065
0.999999995
0.7392662042588207
0.4561010043289783
0.9171737372987254
0.4891112451409224
0.44932811876606105
0.7912025676496615
0.8186989262709057
0.5995747459864693
0.7013507480125123
0.5677480601174466
0.6922314747887537
0.6768579520134311
0.6723978683922999
0.5055872609056241
0.7213841744105903
0.6683221696179155
0.6134854461589455
0.2229217290575056
0.5403910078715894
0.5558639150640258
0.9325251586636575
0.999999995
0.8076355910238311
0.7430785051807057
0.6420073041640465
0.5459309358620922
0.9022559567314917
0.629668208842022
0.7508113024756408
0.5867245900654804
0.6666666622222224
0.40225286444335767
0.9093998593853694
0.3500869794896835
0.5798776795959036
0.5888039335842283
0.42369761417848933
0.4380895307260763
0.490371367084156
0.999999995
0.7449792723361439
0.640340682663207
0.4119809535433165
0.46246048948944185
0.5615382521572565
0.6534478519714446
0.2635412073827215
0.6168725852180479
0.6140316153604938
0.999999995
0.8318948324015836
0.624864138977544
0.7936088459935925
0.6996146741645775
0.75431552540356
0.3148743199436862
0.9096833789479829
0.48589676627362405
0.6833460197628205
0.4066484084366795
0.3921410388790864
0.5690115915374795
0.6475544069985123
0.799223558649381
0.679886122667745
0.5478925750650154
0.46762782650836004
0.6387969505526565
0.4743433112631743
0.6179703284190464
0.6123155441170262
0.902488741311811
0.7686723454309478
