0.999999995
0.7772597721290836
0.5644509126396233
0.8949253457820007
0.8635849502836463
0.7571507909617621
0.8769661969991988
0.6227162817109622
0.5115342511078781
0.8815360306133171
0.4758933558232009
0.776737347478074
0.6599499996671391
0.649705683841211
0.503744568446548
0.9325251586636575
0.5629167931786331
0.374735671925911
0.6751340112801313
0.5760597861783276
0.7328724262620021
0.675298905066029
0.6586020892557777
0.698937399019142
0.732673851163544
0.5175360173738257
0.46821938280429726
0.9255671186997918
0.5991347017970132
0.44542916061656196
0.563959634142218
0.5152995725274937
0.816186890012226
0.7340018772634868
0.4405506997289304
0.7618980188129899
0.6108370611102656
0.5341304552652377
0.6208408843944674
0.6625583594603827
0.8786267180386443
0.4616207564511387
0.5284165912817522
0.5115501348814463
0.7501773194043814
0.48589676627362405
0.999999995
0.8718841717099812
0.7589495649539948
0.5083035042230425
0.999999995
0.7452880179934553
0.7060250118332201
0.6668535737836776
0.6839411818937474
0.46464462726645767
0.43247500144250456
0.6327305185008584
0.34409519505531094
0.6865560216549874
0.6726846606105078
0.6406797412143437
0.6705815978706068
0.7132405520480676
0.8411194294471477
0.6220772743108572
0.6790630668782331
0.7605818416296031
0.5735801826155218
0.4992810545810636
0.6968257584709724
0.5487589453311322
0.4038693285790555
0.8936295891557968
0.3411416645999309
0.7037568690817068
0.45569596043908345
0.5322024849050226
0.42788596961450975
0.5535109939694333
0.5584502421067271
0.5557780425366232
0.8882286000224878
0.7240028953243716
0.172436420751635
0.48317053643323726
0.7873552761672933
0.41060954355322976
0.6575325836162565
0.5417782633902397
0.3740396316647183
0.25734380223425446
0.7261385928771219
0.722951015615713
0.264732345114837
0.40167330536037504
0.6053479710405119
0.5971645253865123
0.5546915195440684
0.5894739623527385
0.8638485799717157
0.38924133262097343
0.6472050050566586
0.7183224190288219
0.999999995
0.8053661215124732
0.7318980441355801
0.559844205348262
0.4836555972244035
0.5494622752030247
0.7127464724302406
0.8186989262709057
0.6120285341134712
0.5805440998482299
0.4999999962500001
0.5689282956899175
0.3056027639902631
0.65228880613881
0.45938066189994164
0.5919937135467002
0.807500731186184
0.6529890673028609
0.21965972281074922
0.5422798853228886
0.45130719501515687
0.9325251586636575
0.671202303063346
0.8264784164647864
0.7745521788831052
0.43262666085385587
0.5569208308043637
0.9022559567314917
0.5337410678908875
0.7932351918922541
0.5229523734876914
0.5639495165647251
0.39910831878099823
0.4594283605087267
0.22913772911377442
0.6676223379691941
0.6860052701542991
0.6218893241924893
0.39339991869202345
0.6145972713415203
0.9509901632874066
0.7293106359861218
0.6925301978639895
0.3757707206861209
0.4764988072706851
0.5138615421261676
0.5808042531958504
0.30963837760884183
0.7420805469415619
0.5982804867134297
0.43307150978285147
0.7858564257608289
0.7225809500470096
0.7642241936566013
0.7278052970127991
0.8654344569490743
0.3492415686786381
0.8530867592060467
0.7346869973199002
0.8465498882377716
0.6593846170650871
0.4139515294826435
0.21446150034712055
0.6786668764126859
0.6285826571371705
0.5808269567839336
0.6418814932268401
0.5520376784261279
0.7765808112068742
0.45356093209509474
0.6099455051858486
0.5713067824085166
0.5715919774197058
0.6736296852458207
