0.30212550663252163
0.7471819264743195
0.8356306792062536
0.6084777192052647
0.6163493867255582
0.4091647412647262
0.7021513816871333
0.4180957893175458
0.5981057106429584
0.41154819770662354
0.7062808779414297
0.8290294114075683
0.38718519687488134
0.4117349125743628
0.6470661192408852
0.9325251586636575
0.5072500710261709
0.5370688691272889
0.6278875622544201
0.29729381970752844
0.5611027632912169
0.24595231341749269
0.3316364666546084
0.882690842070037
0.7316138962607595
0.3455250278094163
0.6812629815747802
0.9640552284889994
0.6423114173013469
0.5430564416894296
0.4412347958638273
0.42375207193194564
0.3278490175413403
0.3500869794896835
0.43601633133877615
0.6583060806660809
0.06590671070957006
0.5587015146231705
0.5697138674776283
0.15858920825355413
0.37451411792500966
0.6611344921233717
0.31443654483583144
0.5272323551347696
0.5531768190051699
0.21733058574391714
0.999999995
0.2581956017449343
0.6872658089623342
0.5359921912238145
0.999999995
0.8314212917052445
0.13584484444907488
0.41063634863548115
0.47700523423547864
0.3974901445178327
0.39151857892734604
0.4811539118713961
0.4139335528101419
0.2127168076906638
0.5120163116005514
0.5355096406060552
0.6181303046850704
0.38227663144878415
0.3992037036510041
0.6934741900233246
0.5697872235744977
0.8060816097893149
0.4218833623884599
0.41686443731275036
0.3274436895982464
0.5552763873849075
0.3668664145725496
0.429397494809988
0.519657716303076
0.3874668374803859
0.40989050458445864
0.7179892674480339
0.15348738793646147
0.40777680258089066
0.37898177638026515
0.6925863201850478
0.38122517211546053
0.7425859095127608
0.41231956207826104
0.3727877558298086
0.6229866563335765
0.31857692389836084
0.5301774057696161
0.452716043531283
0.5727203721329381
0.5859409504587885
0.5196652687567318
0.537189614428011
0.37725909436527244
0.5775482163115228
0.5410042128535238
0.479304167104545
0.40938843226723387
0.46073929308367206
0.5019014810899383
0.5723145904384866
0.6345193566308452
0.6914005498968258
0.9000491349670559
0.6474158785929905
0.2803699065667866
0.2925753324659056
0.21230805982169682
0.3900262516004706
0.7851826216595986
0.7250882924041284
0.507888848707854
0.10317351777042917
0.07411749134984634
0.7032103318462166
0.18092935333058882
0.5515015596183384
0.27871805886886075
0.6401454080239677
0.7730980940666857
0.5926655148521731
0.21041948027216048
0.4062783894452798
0.4318309871468998
0.3376599772576179
0.6750353423387506
0.7206141778518981
0.6682800559839194
0.4073350385544282
0.5054152954477046
0.9022559567314917
0.5739340956185892
0.6669456313415736
0.5507590033381405
0.5950029573280937
0.29441524351008325
0.43527903572196786
0.061017394336497735
0.5835638381294731
0.575596680719322
0.42369761417848933
0.3959714148127992
0.8974426362528961
0.999999995
0.5715919774197058
0.4803614175750793
0.18642359525669078
0.496634672646659
0.4405866768547335
0.4568067324854425
0.43238770465604437
0.6695428531533042
0.46878539093483884
0.18141748989306775
0.6807183871419715
0.38431750784283236
0.7948200935431176
0.7467791678283331
0.36886044615009533
0.40105506420345166
0.6440496943352827
0.3347111166890535
0.30049904293787366
0.4848222648767267
0.436297826463395
0.8284271198933765
0.6106167874852173
0.5703946278507677
0.6475432355152296
0.1597247712214149
0.12103938320606626
0.6235716884387635
0.5016392591472253
0.5275129136165014
0.39722316429620436
0.31628741395198834
0.7560621873625313
