0.999999995
0.8395115565623613
0.524821920162486
0.20882296679432596
0.9356933557992834
0.6011728102094266
0.7224429842391602
0.672275863648448
0.5225699520438245
0.48057097364832607
0.6756468945910244
0.8290294114075683
0.6151452861067762
0.34716840992795855
0.5558399640025294
0.9325251586636575
0.7171887290880794
0.5006980901666626
0.6697402335292856
0.999999995
0.48863806546411104
0.582007800620545
0.753532918559299
0.829912923978553
0.7859346437807258
0.6819956585609842
0.6164378709388451
0.999999995
0.6159389240660088
0.5997006919791021
0.6384327417161587
0.5048611220847663
0.6427842865239145
0.6204832654417595
0.5178274644941895
0.6768753677324175
0.6796497209858648
0.713115576347489
0.697162535208245
0.5588785833858334
0.7452313786810487
0.5470787109434766
0.6924791819668877
0.6042580867434001
0.7460691947408837
0.4308319932120408
0.8463307830775989
0.5749830097189548
0.6339740109002286
0.5733323587313377
0.999999995
0.9632774379557555
0.39999999520000007
0.6839030909406871
0.5675703453492288
0.4737435116142131
0.542784941367967
0.6994115444064464
0.8600332015345585
0.4228470983691513
0.6960982949371962
0.5886558258346788
0.5951204280167286
0.6354656440051604
0.4833411711034092
0.6502627449606466
0.7148600732882507
0.805712888882863
0.4240425055550543
0.484509996846038
0.4566560272165835
0.5297781158716257
0.38011653825920266
0.5331111462054986
0.4121860232416142
0.7542661471885269
0.6965219318880889
0.7645052545306263
0.38999742559873746
0.6494765897508838
0.5392197195795966
0.5719275099193805
0.5040769702692383
0.747696166733482
0.16669372399113347
0.6832633216303394
0.7457697569723433
0.702741984554727
0.7256198929136699
0.7029523672888673
0.8279909278455713
0.42572592013209065
0.602152505307833
0.6828204842202888
0.264732345114837
0.4780370659888164
0.5800810802162703
0.5837587513366126
0.5359632841902036
0.7135672444857779
0.7607921742854971
0.5181844451332419
0.6749202592158566
0.8460619819336335
0.999999995
0.7392662042588207
0.3874054594900537
0.479538506104445
0.4278649849390057
0.588023172955226
0.7851826216595986
0.8186989262709057
0.6337116702432354
0.5076714602747027
0.5677480601174466
0.6593800932116192
0.9301618968131272
0.6603886693223908
0.456435639553376
0.7213841744105903
0.7099660753507213
0.6649804747739898
0.1554033081490401
0.4944530047550836
0.8922107420750495
0.9325251586636575
0.999999995
0.8076355910238311
0.6716936372512499
0.750574622324662
0.5306210574755552
0.9022559567314917
0.7760954334198011
0.6906775194277166
0.6799740992038376
0.6516514917518091
0.47943366771963786
0.9093998593853694
0.2428260112783954
0.5461373506044438
0.6194450940053396
0.4068195583590403
0.42701912276888965
0.8974426362528961
0.999999995
0.674188259117205
0.5004155184952932
0.3940684823789681
0.46246048948944185
0.45632239637056066
0.5810121998611589
0.2635412073827215
0.7420785717644549
0.5718214143831891
0.7564600087884144
0.8533588893898012
0.7198451489376172
0.8723997520108989
0.6519477045103675
0.8654344569490743
0.46170541514122737
0.8530867592060467
0.39120847682569554
0.7489305918031927
0.7129951883412353
0.19831102603087317
0.999999995
0.673839607688267
0.613107984991987
0.653017111651113
0.5773759183666033
0.7414349198427755
0.783107984645401
0.4057647227137917
0.5873251345016546
0.5749321595098118
0.8145031860017111
0.6806140822577604
