0.3527280722234412
0.7772597721290836
0.5441530694854992
0.33635934055836114
0.36049074695354505
0.3082762331026403
0.7298203717839228
0.7716300092883592
0.47318128012306016
0.33103740843870505
0.7200527231586649
0.8252464676709341
0.42876088970557313
0.35730894421906434
0.6323737031422166
0.9325251586636575
0.5953533805563513
0.569886745313628
0.3426190536442417
0.999999995
0.6596153498355424
0.4717422080271723
0.3468585634198955
0.829912923978553
0.4330007552402692
0.34511657985221605
0.5369453959349064
0.9640552284889994
0.7279409734087359
0.23237053149693146
0.36060355916636655
0.40588338188780504
0.37376979339616945
0.5282981995908536
0.35703619717434226
0.6583060806660809
0.2858459027496584
0.40235740978240525
0.41301645427780803
0.2762324939616986
0.5868983425160267
0.6196977659315435
0.3516384890868412
0.1761801287494047
0.7460691947408837
0.3762850941950406
0.999999995
0.48775359308211397
0.6872658089623342
0.6165899325972277
0.999999995
0.804760270703127
0.27972327363362226
0.1960290319363772
0.30551519965916357
0.4311609829047117
0.402032702240603
0.3520765596913048
0.19369215948334817
0.1750434878085945
0.49074404184265624
0.5506728248241397
0.7020970054578167
0.42476050204978655
0.484104612928936
0.6327545397986569
0.4567863781744035
0.7545057675512714
0.4582434367104661
0.5774095092227539
0.3613147800782585
0.30026841147914995
0.3596214391311679
0.4743610395648165
0.5159560201726021
0.5254084657935283
0.15401862046608053
0.6229866563335765
0.28017273030246137
0.3709272219117685
0.3215006107248622
0.6591367093208788
0.5048384472547618
0.7574750800120593
0.4051973362566715
0.38513505357482997
0.6990050307271164
0.7817737571274481
0.27304163508258894
0.20351568402626108
0.11464368369878043
0.45420631695035607
0.3196767406958486
0.6667464018712832
0.5224077460679547
0.2904657866373887
0.5297580741254644
0.40845361753445136
0.3461031184887993
0.3425060327833918
0.6702297360533348
0.4534587069400836
0.5603795394791864
0.6556159921053186
0.19201992599186027
0.7392662042588207
0.37475773235855736
0.32283445199676
0.20941192410001666
0.5364212656027194
0.7711173734200107
0.7441386720161696
0.5408578770791512
0.5431415293163494
0.290709092242659
0.6591107912161739
0.12368327007597263
0.5892345736887942
0.3202587848305521
0.6401454080239677
0.7140103053190168
0.6360653985189916
0.15061356804223042
0.5325413807408033
0.8922107420750495
1.999238178126873e-05
0.29944879379359296
0.8076355910238311
0.7598132880752846
0.3860597413415715
0.36748907763848204
0.9022559567314917
0.5439140307361402
0.6292334313390927
0.7124902665300595
0.46335716654803777
0.3348591298996897
1.999194489046601e-05
0.4269283019542059
0.4152280321226266
0.5689031595225769
0.18191670244994543
0.3864482537629583
0.7899166079807038
0.999999995
0.5404705758804572
0.5772254834148594
0.1544604018216293
0.2806166351425994
0.5576139613092715
0.27025104120181326
0.3789538841298893
0.7128540313306603
0.5770770983791685
0.5610519873340317
0.5147416721513238
0.2528476660727985
0.877874239529169
0.7499754049316064
0.4637625182323374
0.5696060631330175
0.6574070057004883
0.09319856405062962
0.5463318196890011
0.42847825036168036
0.5555189329483206
0.999999995
0.6619403970269254
0.8097839432323525
0.6458416431111272
0.3163042677046118
0.2064379763258209
0.6320946521221303
0.39612254154175314
0.5331059333316126
0.11464368369878043
0.2389599234484819
0.7363764867114448
