0.999999995
0.7772597721290836
0.48632965634735437
0.4858576083729169
0.7032508350893277
0.3405277124140468
0.7224429842391602
0.5253398629772769
0.724644146631422
0.5557230004542392
0.6469946790554215
0.6640258246611453
0.6721412913069692
0.3960376476782081
0.6263998210104048
0.9325251586636575
0.6902084276594803
0.43964450390157667
0.5221666819789683
0.42371786524249594
0.612235006125151
0.5883974609434072
0.6568685627844885
0.7068286578193528
0.6682514352336578
0.6806022739392089
0.4723900760320452
0.999999995
0.5352227758234733
0.47211257547923235
0.32657596297274516
0.5503120236406026
0.8498983026309587
0.6204832654417595
0.5680698558132689
0.650448416401758
0.5501523929725654
0.6406649146882492
0.7126950648489023
0.5801376045118182
0.816694089135788
0.5112804857349319
0.5446558837818883
0.7526068704532162
0.6327134927827472
0.4308319932120408
0.999999995
0.5038231505606457
0.786580558253918
0.5055610509412287
0.999999995
0.9632774379557555
0.6168430793927
0.7320062461218323
0.6776033717174347
0.5421029167503286
0.6296742487552832
0.7114716926387589
0.6054711782928368
0.7607590710403042
0.8302633603901152
0.556528284779687
0.6950174241140453
0.6165676233506532
0.5268129855355734
0.8804646904858897
0.38921647978936624
0.7614861674368092
0.3798153247140303
0.5574562813781483
0.7379583804227068
0.6389997599639452
0.5275826906041238
0.49337040235568047
0.5333317327558657
0.535965718586722
0.591875368422914
0.7645052545306263
0.32417846180614135
0.6303710732714477
0.5300569465573404
0.5692656619568568
0.5543853738874502
0.7128374890361504
0.46613856640198903
0.47803794349618467
0.7873552761672933
0.702741984554727
0.8870825572480829
0.7044577829736872
0.5727203721329381
0.6846404797349924
0.6083303490719913
0.7295457513870715
0.9325251586636575
0.5165241175159896
0.5524790283462989
0.6172362631724739
0.6161947188628172
0.6716799363396494
0.7400374520673906
0.6397244731541702
0.5676223880356255
0.830306481855065
0.999999995
0.7392662042588207
0.5462810749654701
0.5220981894705091
0.54320129576318
0.5870468226645029
0.7851826216595986
0.8186989262709057
0.6092446599984223
0.7013507480125123
0.5677480601174466
0.6593800932116192
0.9301618968131272
0.6478309379626949
0.5480965607013699
0.7213841744105903
0.7369987611495347
0.6250600563931449
0.15061356804223042
0.4973384583368051
0.8922107420750495
0.9325251586636575
0.999999995
0.8076355910238311
0.7430785051807057
0.6384980412030823
0.5261779864035095
0.9022559567314917
0.6528554081782736
0.7626982087168839
0.5867245900654804
0.678424322744964
0.4047439840997184
0.9093998593853694
0.2616197692326301
0.6736155488799039
0.4667215757197923
0.4241261129298707
0.3493869034796062
0.8974426362528961
0.999999995
0.3778395894856516
0.5328013499072033
0.3743804232344798
0.4431273243925594
0.5082015914035389
0.7230144150144857
0.29411014337969704
0.6375146271635225
0.5205672769503484
0.760891095161948
0.8812808236146401
0.5777346401312069
0.9204765431112263
0.7278540612325496
0.8654344569490743
0.4998997225220625
0.8530867592060467
0.2984982553104512
0.7523388494548436
0.7129951883412353
0.3921410388790864
0.999999995
0.6626977039831887
0.6327946140238635
0.6194264445047535
0.4981091882573142
0.4662578665009013
0.6418116222532874
0.5177007343120931
0.5739261873393835
0.6515018465188309
0.8145031860017111
0.7809588423716252
