0.6267843272862731
0.7559829122767032
0.5236774425072015
0.8443150273053522
0.9356933557992834
0.7799816641026329
0.8769661969991988
0.5395481741144407
0.2631811582242494
0.7827958959602719
0.6162687756551285
0.7347380489972601
0.6818245510287948
0.7237021573917175
0.41961441594235094
0.9325251586636575
0.5295289138615933
0.48571304439823787
0.6652602424111745
0.6224007259000734
0.691669084839268
0.731202374141242
0.6839235654699856
0.647760957449296
0.6864669644263556
0.6538253001452026
0.572332329539972
0.8825096752195086
0.6666666622222223
0.5464691858883635
0.3462172658309932
0.555080712567042
0.8498983026309587
0.6204832654417595
0.586055711795804
0.6839030909406871
0.8249826433102476
0.7633526610404348
0.7992586411535875
0.5694494258224497
0.8479674170499887
0.4414011741569706
0.5692955526318196
0.7142066563021374
0.6840605669133081
0.44958648904674775
0.8782419450154262
0.8290373479090166
0.7293106359861218
0.5256825233211687
0.6182848945021077
0.8485446184933888
0.8769661969991988
0.8378194492632703
0.5012893776962136
0.5715919774197058
0.4529483586942432
0.8321112274329588
0.6517076706978722
0.5394050203479671
0.7989645123283593
0.5810966146729297
0.6442242153697971
0.7319695252891849
0.9049966149480135
0.6451329689464655
0.7975907990631663
0.7029273291653221
0.5496269212318555
0.5328469734743757
0.7987140595434201
0.4517849940581953
0.2796805144219567
0.8601366890623525
0.4603966177997267
0.8769661969991988
0.5144004666435372
0.6666666622222223
0.23193968583092134
0.6442218639717044
0.5739556484814078
0.5707761294353253
0.9049966149480135
0.7804319539704089
0.21738586931042822
0.4215643671489661
0.6666666622222223
0.6363723443963702
0.5958348791746308
0.6856201372100579
0.5680543261748079
0.20406593153454805
0.7517561206843817
0.46734674991735253
0.6267843272862731
0.5433753202848506
0.6063097748431286
0.5814640092649904
0.6061157564434646
0.6896561385124312
0.8249826433102476
0.6232979667770683
0.6239662634815385
0.8460619819336335
0.999999995
0.8210408376045139
0.7884380503189005
0.6148973530485824
0.649780295766061
0.386441254002498
0.7606417545481573
0.8186989262709057
0.6078524975474474
0.41078956208690004
0.7063591613995285
0.5816439662493713
0.4389277222926552
0.7983146943149798
0.5722221772500952
0.6401454080239677
0.6989187646684046
0.5931654642856233
0.08928320717127593
0.5412065371594913
0.42603555514259356
0.9325251586636575
0.8357812294137904
0.7431440930990587
0.7280962276587244
0.6342241527019598
0.5076548502635353
0.6950123712365476
0.3719931241713179
0.6890177314445944
0.5448242606102149
0.7181893720761132
0.38257340564442643
0.5255972150451563
0.1844151748325536
0.7460691947408837
0.6593179557909119
0.5919937135467002
0.4818205689334934
0.5818439917720706
0.6969581636492443
0.6911827476813883
0.537884276104911
0.34709295251503275
0.3807028976796976
0.2547225075346261
0.6963706705768505
0.3565149006640532
0.5883865980414897
0.5585362320763299
0.6871134073529866
0.9049966149480135
0.7464399143921829
0.6825106815730513
0.7256374483952427
0.6293387777400008
0.4509108024391548
0.4228470983691513
0.41835846253595077
0.7539451953101579
0.7427401647574875
0.475918483094686
0.21446150034712055
0.6666666622222223
0.759350830655822
0.6557469394336587
0.5342646701247279
0.8106809745938348
0.6479950680322659
0.5431378039199548
0.5396589891122272
0.6604717026802173
0.6065408878879175
0.6232979667770683
