0.999999995
0.79667112314308
0.4685848314839091
0.5865967059961528
0.9356933557992834
0.4160643812627003
0.7224429842391602
0.6361834399133086
0.42670205641810477
0.48709987800400695
0.5984133577685514
0.7687088375297298
0.5786442961677091
0.31343362283150955
0.6381235477309409
0.8401083966963985
0.6214041853856793
0.5034821592207318
0.6396274030485155
0.999999995
0.44120261927631144
0.5287269862275813
0.6438443662143448
0.829912923978553
0.6250296173196734
0.5358533520898306
0.676683267692985
0.999999995
0.41671305512110346
0.5183758842288113
0.43827159495858203
0.44635885919432555
0.44480793958581166
0.5870693482886172
0.48150795306457816
0.6281773542507395
0.5501523929725654
0.6430680377359076
0.557293462038724
0.34485590053969195
0.6642956940553714
0.6196977659315435
0.5740613830776984
0.5064097248414556
0.722527513017163
0.41829642172255405
0.9499155914670825
0.5344352937558378
0.7993816337387216
0.5357427601551866
0.25382059241894017
0.9632774379557555
0.5521943442450411
0.6839030909406871
0.7342525607995737
0.6716233954925108
0.526239378262707
0.6781328741640897
0.7921823677586235
0.4739199547384651
0.5805348030819322
0.6977808401483521
0.6266577656785659
0.5908696827688893
0.5268129855355734
0.6962440239288528
0.4133166490238179
0.5990410619042489
0.5745678133733921
0.6544104807407995
0.5978384630400724
0.5352080643605399
0.39745071187746195
0.647024424347578
0.5759235745762554
0.7542661471885269
0.6448470024518692
0.7645052545306263
0.4148956294482239
0.6494765897508838
0.5667302229176906
0.6224976905684343
0.4386218257126431
0.722991319804847
0.39356151086852104
0.6372002405724227
0.6990050307271164
0.702741984554727
0.7214122201777384
0.7029523672888673
0.8279909278455713
0.10149280578550307
0.6241556026436249
0.6583434496436271
0.9325251586636575
0.5697879702689297
0.4445944730227321
0.6092916382362864
0.5201461162150945
0.3294000551115176
0.6081660593578382
0.5082015914035389
0.5932280229876579
0.776497781488981
0.999999995
0.7392662042588207
0.4561010043289783
0.5220981894705091
0.6323297707491714
0.5423182427063888
0.79469393539457
0.8186989262709057
0.6078134092964124
0.5805440998482299
0.5677480601174466
0.710815130467178
0.9301618968131272
0.5775116382213864
0.49398999054561576
0.6969581636492443
0.7419405864978517
0.396475007710126
0.17511842470122882
0.48675990719060924
0.8922107420750495
0.9325251586636575
0.999999995
0.7536096968251071
0.6234273387269376
0.5000896208798864
0.6522051109498122
0.8942263847290952
0.629668208842022
0.6269414924470547
0.6556663816407747
0.5823814809488828
0.49025874410870246
0.9093998593853694
0.2428260112783954
0.5190837905440235
0.5234016532166499
0.42369761417848933
0.33176021897884117
0.8974426362528961
0.9236341197560346
0.7449792723361439
0.6652259635036954
0.2916425454592097
0.46246048948944185
0.5105115450880585
0.7186264079904355
0.320992184705229
0.47983195333795214
0.42398956785455283
0.760891095161948
0.8318948324015836
0.41949735269955507
0.9204765431112263
0.6271635990211697
0.8654344569490743
0.5143119572052668
0.5919937135467002
0.2984982553104512
0.773554013391249
0.7133067437922112
0.44175463488569505
0.687782012402556
0.6405871642579277
0.6997631702634217
0.4197839597259764
0.5033851100916019
0.43394798239887034
0.545500335684879
0.45007412510838507
0.7504829327572048
0.5749321595098118
0.6857586354069253
0.7809588423716252
