0.6774954441752871
0.7758443561251879
0.3785404781575673
0.487702829618113
0.8534494689970025
0.3285226206035568
0.7165910931585672
0.7102774328601261
0.5014947379460137
0.5109274929993874
0.6158279824182744
0.6936441626126933
0.47876633871814955
0.4559840068130458
0.3761824602744477
0.9325251586636575
0.5846715127291351
0.5458842133323254
0.4356155382685844
0.42371786524249594
0.739982642451307
0.33572909012935714
0.6346876099612057
0.8637994109446393
0.7422768657091797
0.600488759011773
0.5329380895589969
0.999999995
0.47179011426015965
0.33894225858884397
0.4985897296572195
0.38439979279271563
0.28343755271029525
0.6204832654417595
0.4508081562796508
0.6145968028852268
0.5546951099628246
0.5658483727581842
0.676388263736677
0.2807449297018753
0.4484282962429731
0.5147110832682292
0.6207244257714355
0.46095395953860324
0.678531303991827
0.13385819534531604
0.7033553822994203
0.5653517343840475
0.786580558253918
0.5814762183573191
0.999999995
0.9632774379557555
0.5403770531231954
0.7746369794641077
0.641240031267357
0.39781958090645914
0.3029141293878902
0.7392956364263676
0.7054097299711357
0.2417565080778086
0.5763734938301034
0.6146242890323851
0.6659549012291477
0.509255431631163
0.56319736937052
0.645334607185121
0.3702173787687573
0.7589565710753318
0.47172703446272213
0.516096815085994
0.4715158713013007
0.4160220705419086
0.14788698546374895
0.42700486209378413
0.41628693547025913
0.5128393074087266
0.4798393637590731
0.5950551334396271
0.06392199050248008
0.4838825010429023
0.5901922310422504
0.5028845543291456
0.5742449647340016
0.7128374890361504
0.0980954634282913
0.2799686959941382
0.7457697569723433
0.7681408430688349
0.6449419736798212
0.5473766162125889
0.28226525746440745
0.5607759937293773
0.42503746491101746
0.532070060479488
0.6858982038108105
0.3801770097510204
0.471998753446548
0.5394681250136809
0.5042305745098937
0.5652373279314032
0.7914709149051544
0.4186007799223389
0.5245728410411713
0.5737137651135531
0.8260824212911538
0.6473960898139806
0.44841549721443247
0.5964984875994769
0.38595689781914955
0.563485451455981
0.7775726078871401
0.8186989262709057
0.4930890353909069
0.20354860239330655
0.4221014201795676
0.6396411000595095
0.2417565080778086
0.7120038734296184
0.49937458915151894
0.30004474416801424
0.6628837640132139
0.4631597939011559
0.29746820149998876
0.4575419498323638
0.6691473889860001
0.665352820608369
0.999999995
0.8076355910238311
0.7376035682583709
0.6004718565250435
0.35766781923434976
0.9022559567314917
0.5303321071955421
0.6766313401784942
0.5742366055985321
0.6021101045241852
0.5054152876930861
0.3844670523873919
0.1787471514507173
0.5685135120683628
0.5346431356440904
0.5094224225188184
0.33381026292726323
0.698354690620801
0.693319000905775
0.5933428019237773
0.41491042104662884
0.24296714711828488
0.530862147201552
0.4673405172413925
0.5659557682189258
0.27523063682190246
0.697538426323942
0.5415493181705282
0.42830167647620465
0.5793601401362266
0.4032015609721866
0.7318691052878482
0.7757147692959554
0.3941231351890714
0.3870626380566509
0.3500869794896835
0.8570353826909005
0.506602231458182
0.6284947405649722
0.565325054714452
0.999999995
0.6685135713341623
0.6452580712383739
0.4310019906514179
0.3222471773236661
0.2147102126999792
0.699171564663568
0.48750617395971013
0.5947361748657324
0.4704297265660202
0.4230944167870883
0.8711144728239465
